Cell Model,30Q
Cell Number,7
Power Level,34.73
Load,2
Temperature,40
Time (s),Volts,Amps,Temp 1,Temp 2,Temp 3
1540978464.6856258,4.1666,0,0,0,0
1540978464.7834072,4.1666,1.68121,0,0,0
1540978464.8721316,4.1666,1.68121,,,
1540978464.9672701,4.1666,1.68121,,,
1540978465.0763223,3.95647,8.77914,,,
1540978465.1912076,3.95647,8.77914,,,
1540978465.2951877,3.95647,8.77914,,,
1540978465.3801966,3.94391,8.77914,,,
1540978465.4750926,3.94391,8.80537,,,
1540978465.5860405,3.94391,8.80537,,,
1540978465.6878026,3.93626,8.80537,,,
1540978465.7779412,3.93626,8.8221,0,0,0
1540978465.873325,3.93626,8.8221,,,
1540978465.971811,3.93626,8.8221,,,
1540978466.0751655,3.93021,8.83574,,,
1540978466.1756756,3.93021,8.83574,,,
1540978466.2727602,3.93021,8.83574,,,
1540978466.3721614,3.92491,8.83574,,,
1540978466.4924629,3.92491,8.84756,,,
1540978466.5960293,3.92491,8.84756,,,
1540978466.6780016,3.92491,8.84756,,,
1540978466.7730138,3.92029,8.85785,0,0,0
1540978466.8841808,3.92029,8.85785,,,
1540978466.9903011,3.92029,8.85785,,,
1540978467.0775132,3.91612,8.86737,,,
1540978467.17645,3.91612,8.86737,,,
1540978467.2740579,3.91612,8.86737,,,
1540978467.3803144,3.91234,8.86737,,,
1540978467.4808283,3.91234,8.87561,,,
1540978467.5788817,3.91234,8.87561,,,
1540978467.6732488,3.91234,8.87561,,,
1540978467.7971659,3.90878,8.88409,0,0,0
1540978467.895554,3.90878,8.88409,,,
1540978467.9786065,3.90878,8.88409,,,
1540978468.0734746,3.90553,8.8913,,,
1540978468.2069306,3.90553,8.8913,,,
1540978468.2914488,3.90553,8.8913,,,
1540978468.3814347,3.90242,8.8913,,,
1540978468.4769945,3.90242,8.89824,,,
1540978468.5776067,3.90242,8.89824,,,
1540978468.681975,3.90242,8.89824,,,
1540978468.7771397,3.89955,8.90468,0,0,0
1540978468.877199,3.89955,8.90468,,,
1540978468.971967,3.89955,8.90468,,,
1540978469.098097,3.89682,8.91084,,,
1540978469.1996555,3.89682,8.91084,,,
1540978469.282238,3.89682,8.91084,,,
1540978469.3762074,3.89426,8.91084,,,
1540978469.4950285,3.89426,8.91702,,,
1540978469.5991771,3.89426,8.91702,,,
1540978469.686179,3.89426,8.91702,,,
1540978469.7861648,3.89175,8.92268,0,0,0
1540978469.887259,3.89175,8.92268,,,
1540978469.9927354,3.89175,8.92268,,,
1540978470.0867412,3.8894,8.92757,,,
1540978470.1885977,3.8894,8.92757,,,
1540978470.2813315,3.8894,8.92757,,,
1540978470.4053578,3.88713,8.92757,,,
1540978470.5078132,3.88713,8.93297,,,
1540978470.5928104,3.88713,8.93297,,,
1540978470.6840646,3.88713,8.93297,,,
1540978470.7984347,3.88501,8.93811,0,0,0
1540978470.9036632,3.88501,8.93811,,,
1540978470.991008,3.88501,8.93811,,,
1540978471.0862155,3.88298,8.94273,,,
1540978471.188576,3.88298,8.94273,,,
1540978471.2925956,3.88298,8.94273,,,
1540978471.3886197,3.88101,8.94273,,,
1540978471.4872806,3.88101,8.94711,,,
1540978471.5884469,3.88101,8.94711,,,
1540978471.7074482,3.87912,8.94711,,,
1540978471.8112648,3.87912,8.95174,0,0,0
1540978471.8929403,3.87912,8.95174,,,
1540978471.9845133,3.87912,8.95174,,,
1540978472.1006606,3.87723,8.95586,,,
1540978472.2070312,3.87723,8.95586,,,
1540978472.2932026,3.87723,8.95586,,,
1540978472.3868904,3.87547,8.95586,,,
1540978472.49176,3.87547,8.95998,,,
1540978472.6025696,3.87547,8.95998,,,
1540978472.6922913,3.87547,8.95998,,,
1540978472.7870042,3.87373,8.96384,0,0,0
1540978472.8896534,3.87373,8.96384,,,
1540978472.9996715,3.87373,8.96384,,,
1540978473.095653,3.87207,8.9677,,,
1540978473.1953552,3.87207,8.9677,,,
1540978473.2949066,3.87207,8.9677,,,
1540978473.4158666,3.87048,8.9677,,,
1540978473.5156913,3.87048,8.97156,,,
1540978473.5985203,3.87048,8.97156,,,
1540978473.690671,3.87048,8.97156,,,
1540978473.8062975,3.8689,8.97516,0,0,0
1540978473.9111404,3.8689,8.97516,,,
1540978473.9993448,3.8689,8.97516,,,
1540978474.0961602,3.86739,8.97516,,,
1540978474.2080576,3.86739,8.9785,,,
1540978474.3131247,3.86739,8.9785,,,
1540978474.4005198,3.86594,8.9785,,,
1540978474.498125,3.86594,8.98184,,,
1540978474.6089418,3.86594,8.98184,,,
1540978474.7137241,3.86594,8.98184,,,
1540978474.7991755,3.8645,8.98544,0,0,0
1540978474.8977723,3.8645,8.98544,,,
1540978475.0080984,3.8645,8.98544,,,
1540978475.1125689,3.86314,8.98544,,,
1540978475.201245,3.86314,8.98878,,,
1540978475.2982743,3.86314,8.98878,,,
1540978475.4047177,3.86179,8.98878,,,
1540978475.5102186,3.86179,8.99187,,,
1540978475.6059299,3.86179,8.99187,,,
1540978475.7007763,3.86179,8.99187,,,
1540978475.8084178,3.86049,8.99496,0,0,0
1540978475.9064484,3.86049,8.99496,,,
1540978476.003345,3.86049,8.99496,,,
1540978476.1003985,3.85921,8.99496,,,
1540978476.1992793,3.85921,8.99779,,,
1540978476.303749,3.85921,8.99779,,,
1540978476.4050777,3.85793,8.99779,,,
1540978476.498486,3.85793,9.00061,,,
1540978476.5992982,3.85793,9.00061,,,
1540978476.718421,3.85793,9.00061,,,
1540978476.825018,3.8567,9.00371,0,0,0
1540978476.9001918,3.8567,9.00371,,,
1540978476.9980667,3.8567,9.00371,,,
1540978477.1056325,3.8555,9.00653,,,
1540978477.2177365,3.8555,9.00653,,,
1540978477.313599,3.8555,9.00653,,,
1540978477.4009569,3.85435,9.00653,,,
1540978477.5086358,3.85435,9.00911,,,
1540978477.6124923,3.85435,9.00911,,,
1540978477.7075105,3.85435,9.00911,,,
1540978477.8033972,3.85323,9.01167,0,0,0
1540978477.907495,3.85323,9.01167,,,
1540978478.0063596,3.85323,9.01167,,,
1540978478.1025498,3.85217,9.01167,,,
1540978478.2023695,3.85217,9.01425,,,
1540978478.3015058,3.85217,9.01425,,,
1540978478.4049323,3.85103,9.01425,,,
1540978478.5026205,3.85103,9.01657,,,
1540978478.6031485,3.85103,9.01657,,,
1540978478.7024674,3.85103,9.01657,,,
1540978478.8193862,3.84998,9.01913,0,0,0
1540978478.9266775,3.84998,9.01913,,,
1540978479.0082657,3.84998,9.01913,,,
1540978479.1036828,3.84891,9.01913,,,
1540978479.2148175,3.84891,9.02222,,,
1540978479.3190205,3.84891,9.02222,,,
1540978479.4120064,3.84793,9.02222,,,
1540978479.5053225,3.84793,9.02428,,,
1540978479.612438,3.84793,9.02428,,,
1540978479.7180812,3.84793,9.02428,,,
1540978479.8109622,3.84694,9.0266,0,0,0
1540978479.9068558,3.84694,9.0266,,,
1540978480.0120606,3.84694,9.0266,,,
1540978480.119576,3.84596,9.0266,,,
1540978480.211248,3.84596,9.02892,,,
1540978480.3069074,3.84596,9.02892,,,
1540978480.4119723,3.84596,9.02892,,,
1540978480.5181723,3.84505,9.03098,,,
1540978480.6094122,3.84505,9.03098,,,
1540978480.7061234,3.84505,9.03098,,,
1540978480.812967,3.84407,9.03304,0,0,0
1540978480.9119065,3.84407,9.03304,,,
1540978481.0050423,3.84407,9.03304,,,
1540978481.10826,3.84315,9.03304,,,
1540978481.2084448,3.84315,9.03508,,,
1540978481.3134506,3.84315,9.03508,,,
1540978481.405813,3.84315,9.03508,,,
1540978481.5080268,3.84225,9.03714,,,
1540978481.6080763,3.84225,9.03714,,,
1540978481.7270439,3.84225,9.03714,,,
1540978481.8299415,3.84142,9.03972,0,0,0
1540978481.9146554,3.84142,9.03972,,,
1540978482.0094907,3.84142,9.03972,,,
1540978482.12342,3.84052,9.03972,,,
1540978482.2050624,3.84052,9.04178,,,
1540978482.311793,3.84052,9.04178,,,
1540978482.4183135,3.84052,9.04178,,,
1540978482.5262172,3.83968,9.04358,,,
1540978482.6282213,3.83968,9.04358,,,
1540978482.71809,3.83968,9.04358,0,0,0
1540978482.8116367,3.83884,9.04538,,,
1540978482.9131289,3.83884,9.04538,,,
1540978483.0164692,3.83884,9.04538,,,
1540978483.1117115,3.83801,9.04538,,,
1540978483.212996,3.83801,9.04718,,,
1540978483.313906,3.83801,9.04718,,,
1540978483.434046,3.83725,9.04718,,,
1540978483.5364716,3.83725,9.04898,,,
1540978483.6198435,3.83725,9.04898,,,
1540978483.717255,3.83725,9.04898,0,0,0
1540978483.8298619,3.83643,9.05078,,,
1540978483.9361434,3.83643,9.05078,,,
1540978484.0197597,3.83643,9.05078,,,
1540978484.116059,3.83566,9.05078,,,
1540978484.2292871,3.83566,9.05258,,,
1540978484.3369298,3.83566,9.05258,,,
1540978484.419842,3.83566,9.05258,,,
1540978484.517343,3.83492,9.05438,,,
1540978484.6306913,3.83492,9.05438,,,
1540978484.731042,3.83492,9.05438,0,0,0
1540978484.8211467,3.83415,9.05669,,,
1540978484.9190502,3.83415,9.05669,,,
1540978485.0189717,3.83415,9.05669,,,
1540978485.1196244,3.83339,9.05669,,,
1540978485.216598,3.83339,9.05849,,,
1540978485.3181813,3.83339,9.05849,,,
1540978485.4186192,3.83339,9.05849,,,
1540978485.534381,3.83272,9.06004,,,
1540978485.6396008,3.83272,9.06004,,,
1540978485.7230005,3.83272,9.06004,0,0,0
1540978485.8191552,3.83195,9.06158,,,
1540978485.9308074,3.83195,9.06158,,,
1540978486.0365174,3.83195,9.06158,,,
1540978486.122648,3.83127,9.06158,,,
1540978486.2216084,3.83127,9.06313,,,
1540978486.3326337,3.83127,9.06313,,,
1540978486.4354165,3.83127,9.06313,,,
1540978486.5289495,3.8306,9.06493,,,
1540978486.6250732,3.8306,9.06493,,,
1540978486.725707,3.8306,9.06493,0,0,0
1540978486.8317857,3.82991,9.06647,,,
1540978486.9297357,3.82991,9.06647,,,
1540978487.0264816,3.82991,9.06647,,,
1540978487.1256077,3.82922,9.06647,,,
1540978487.2444565,3.82922,9.06775,,,
1540978487.3257256,3.82922,9.06775,,,
1540978487.4240422,3.82922,9.06775,,,
1540978487.5256507,3.82863,9.06929,,,
1540978487.6357145,3.82863,9.06929,,,
1540978487.7400813,3.82863,9.06929,0,0,0
1540978487.830459,3.82794,9.06929,,,
1540978487.9267616,3.82794,9.07085,,,
1540978488.0337172,3.82794,9.07085,,,
1540978488.13934,3.82733,9.07085,,,
1540978488.227461,3.82733,9.07239,,,
1540978488.3245296,3.82733,9.07239,,,
1540978488.4337196,3.82733,9.07239,,,
1540978488.5402262,3.82666,9.07445,,,
1540978488.6295087,3.82666,9.07445,,,
1540978488.7267067,3.82666,9.07445,0,0,0
1540978488.8261373,3.82605,9.07445,,,
1540978488.9303312,3.82605,9.07573,,,
1540978489.0280337,3.82605,9.07573,,,
1540978489.12874,3.82544,9.07573,,,
1540978489.2283208,3.82544,9.07727,,,
1540978489.3483691,3.82544,9.07727,,,
1540978489.4496884,3.82544,9.07727,,,
1540978489.5313733,3.82484,9.07855,,,
1540978489.6342008,3.82484,9.07855,,,
1540978489.7412555,3.82484,9.07855,0,0,0
1540978489.8244658,3.82431,9.07855,,,
1540978489.9255984,3.82431,9.07985,,,
1540978490.0353029,3.82431,9.07985,,,
1540978490.1390343,3.8237,9.07985,,,
1540978490.2438228,3.8237,9.08139,,,
1540978490.3339417,3.8237,9.08139,,,
1540978490.4307442,3.8237,9.08139,,,
1540978490.5398726,3.8231,9.08241,,,
1540978490.6432638,3.8231,9.08241,,,
1540978490.7315736,3.8231,9.08241,0,0,0
1540978490.82982,3.82257,9.08241,,,
1540978490.9383948,3.82257,9.08369,,,
1540978491.0427475,3.82257,9.08369,,,
1540978491.131397,3.82196,9.08369,,,
1540978491.2311614,3.82196,9.08525,,,
1540978491.3383684,3.82196,9.08525,,,
1540978491.4437416,3.82196,9.08525,,,
1540978491.5303888,3.82144,9.08627,,,
1540978491.6300986,3.82144,9.08627,,,
1540978491.7393556,3.82144,9.08627,0,0,0
1540978491.8392801,3.82091,9.08627,,,
1540978491.932879,3.82091,9.08755,,,
1540978492.0313473,3.82091,9.08755,,,
1540978492.132768,3.82091,9.08755,,,
1540978492.2400568,3.8203,9.08885,,,
1540978492.333833,3.8203,9.08885,,,
1540978492.4298558,3.8203,9.08885,,,
1540978492.534806,3.81976,9.09065,,,
1540978492.6522577,3.81976,9.09065,,,
1540978492.7528467,3.81976,9.09065,0,0,0
1540978492.8416462,3.81924,9.09065,,,
1540978492.9425719,3.81924,9.09193,,,
1540978493.0517578,3.81924,9.09193,,,
1540978493.153214,3.81871,9.09193,,,
1540978493.2437422,3.81871,9.09322,,,
1540978493.3439097,3.81871,9.09322,,,
1540978493.4466834,3.81871,9.09322,,,
1540978493.544865,3.81825,9.09399,,,
1540978493.6404214,3.81825,9.09399,,,
1540978493.7404006,3.81825,9.09399,0,0,0
1540978493.8436232,3.81772,9.09399,,,
1540978493.961726,3.81772,9.09554,,,
1540978494.0445437,3.81772,9.09554,,,
1540978494.1413555,3.81728,9.09554,,,
1540978494.2441974,3.81728,9.0963,,,
1540978494.3517513,3.81728,9.0963,,,
1540978494.4526997,3.81728,9.0963,,,
1540978494.5450685,3.81674,9.09785,,,
1540978494.6446643,3.81674,9.09785,,,
1540978494.7477112,3.81674,9.09785,0,0,0
1540978494.8471744,3.81621,9.09785,,,
1540978494.9393954,3.81621,9.09914,,,
1540978495.0404499,3.81621,9.09914,,,
1540978495.1455617,3.81621,9.09914,,,
1540978495.2451694,3.81575,9.10016,,,
1540978495.3439374,3.81575,9.10016,,,
1540978495.443081,3.81575,9.10016,,,
1540978495.5461895,3.81531,9.1012,,,
1540978495.6571445,3.81531,9.1012,,,
1540978495.7596102,3.81531,9.1012,0,0,0
1540978495.846209,3.81477,9.1012,,,
1540978495.9464614,3.81477,9.10222,,,
1540978496.052946,3.81477,9.10222,,,
1540978496.1538079,3.81432,9.10222,,,
1540978496.2458377,3.81432,9.10326,,,
1540978496.3462124,3.81432,9.10326,,,
1540978496.4480681,3.81432,9.10326,,,
1540978496.54897,3.81386,9.10454,,,
1540978496.648269,3.81386,9.10454,,,
1540978496.7436824,3.81386,9.10454,0,0,0
1540978496.8479846,3.81342,9.10454,,,
1540978496.9483097,3.81342,9.10532,,,
1540978497.046567,3.81342,9.10532,,,
1540978497.1453934,3.81342,9.10532,,,
1540978497.2484102,3.81296,9.1066,,,
1540978497.3563907,3.81296,9.1066,,,
1540978497.4611783,3.81296,9.1066,,,
1540978497.5493953,3.8125,9.10762,,,
1540978497.6497483,3.8125,9.10762,,,
1540978497.75193,3.8125,9.10762,0,0,0
1540978497.85133,3.81204,9.10762,,,
1540978497.9461148,3.81204,9.10916,,,
1540978498.0503185,3.81204,9.10916,,,
1540978498.1507523,3.81204,9.10916,,,
1540978498.2681377,3.8116,9.1102,,,
1540978498.372648,3.8116,9.1102,,,
1540978498.4568696,3.8116,9.1102,,,
1540978498.5559652,3.81114,9.11122,,,
1540978498.6647656,3.81114,9.11122,,,
1540978498.7681375,3.81114,9.11122,0,0,0
1540978498.8485081,3.81076,9.11122,,,
1540978498.9494603,3.81076,9.11226,,,
1540978499.0569055,3.81076,9.11226,,,
1540978499.160197,3.81076,9.11226,,,
1540978499.2435095,3.8103,9.11328,,,
1540978499.3458858,3.8103,9.11328,,,
1540978499.4531517,3.8103,9.11328,,,
1540978499.5531464,3.80994,9.11328,,,
1540978499.6480708,3.80994,9.11406,,,
1540978499.7492619,3.80994,9.11406,0,0,0
1540978499.8515053,3.80948,9.11406,,,
1540978499.9520142,3.80948,9.11508,,,
1540978500.0483296,3.80948,9.11508,,,
1540978500.148828,3.80948,9.11508,,,
1540978500.2516854,3.80902,9.11586,,,
1540978500.3653896,3.80902,9.11586,,,
1540978500.468465,3.80902,9.11586,,,
1540978500.5513558,3.80864,9.11586,,,
1540978500.653232,3.80864,9.11714,,,
1540978500.7583244,3.80864,9.11714,0,0,0
1540978500.8621657,3.80826,9.11714,,,
1540978500.9529006,3.80826,9.11766,,,
1540978501.05444,3.80826,9.11766,,,
1540978501.1542907,3.80826,9.11766,,,
1540978501.2542386,3.80782,9.11894,,,
1540978501.3462627,3.80782,9.11894,,,
1540978501.450122,3.80782,9.11894,,,
1540978501.555614,3.80743,9.11894,,,
1540978501.6557055,3.80743,9.11972,,,
1540978501.7625315,3.80743,9.11972,0,0,0
1540978501.8515582,3.80698,9.11972,,,
1540978501.9516292,3.80698,9.12074,,,
1540978502.0656195,3.80698,9.12074,,,
1540978502.1683698,3.80698,9.12074,,,
1540978502.253631,3.80659,9.12202,,,
1540978502.3541038,3.80659,9.12202,,,
1540978502.4614077,3.80659,9.12202,,,
1540978502.565523,3.80621,9.12202,,,
1540978502.6532698,3.80621,9.1228,,,
1540978502.751371,3.80621,9.1228,0,0,0
1540978502.8576891,3.80585,9.1228,,,
1540978502.959645,3.80585,9.12357,,,
1540978503.0546126,3.80585,9.12357,,,
1540978503.15567,3.80585,9.12357,,,
1540978503.2542868,3.80547,9.1246,,,
1540978503.3551466,3.80547,9.1246,,,
1540978503.4543307,3.80547,9.1246,,,
1540978503.554955,3.80508,9.1246,,,
1540978503.6555033,3.80508,9.12537,,,
1540978503.764607,3.80508,9.12537,0,0,0
1540978503.869382,3.8047,9.12537,,,
1540978503.9556675,3.8047,9.12666,,,
1540978504.0572226,3.8047,9.12666,,,
1540978504.1604877,3.8047,9.12666,,,
1540978504.2631352,3.80424,9.12794,,,
1540978504.3554025,3.80424,9.12794,,,
1540978504.4570541,3.80424,9.12794,,,
1540978504.5570729,3.80396,9.12794,,,
1540978504.6608484,3.80396,9.12872,,,
1540978504.7603192,3.80396,9.12872,0,0,0
1540978504.8571208,3.80396,9.12872,,,
1540978504.9601924,3.80357,9.12949,,,
1540978505.073271,3.80357,9.12949,,,
1540978505.1758697,3.80357,9.12949,,,
1540978505.2601051,3.80319,9.13052,,,
1540978505.3606942,3.80319,9.13052,,,
1540978505.4653265,3.80319,9.13052,,,
1540978505.5711095,3.80281,9.13052,,,
1540978505.6570134,3.80281,9.13103,,,
1540978505.755857,3.80281,9.13103,0,0,0
1540978505.8642828,3.80281,9.13103,,,
1540978505.964217,3.80243,9.13206,,,
1540978506.0590818,3.80243,9.13206,,,
1540978506.1583748,3.80243,9.13206,,,
1540978506.2602928,3.80206,9.13283,,,
1540978506.363991,3.80206,9.13283,,,
1540978506.4606342,3.80206,9.13283,,,
1540978506.5582836,3.80176,9.13283,,,
1540978506.662207,3.80176,9.13361,,,
1540978506.7762096,3.80176,9.13361,0,0,0
1540978506.8772092,3.80138,9.13361,,,
1540978506.9605613,3.80138,9.13463,,,
1540978507.0630448,3.80138,9.13463,,,
1540978507.1590793,3.80138,9.13463,,,
1540978507.2691627,3.80099,9.13515,,,
1540978507.3495712,3.80099,9.13515,,,
1540978507.4527307,3.80099,9.13515,,,
1540978507.5588517,3.80061,9.13515,,,
1540978507.657673,3.80061,9.13617,,,
1540978507.7569754,3.80061,9.13617,0,0,0
1540978507.8844824,3.80061,9.13617,,,
1540978507.9558306,3.80032,9.13695,,,
1540978508.0761025,3.80032,9.13695,,,
1540978508.1509588,3.80032,9.13695,,,
1540978508.2547095,3.79994,9.13747,,,
1540978508.3608859,3.79994,9.13747,,,
1540978508.4577992,3.79994,9.13747,,,
1540978508.5688546,3.79956,9.13747,,,
1540978508.6795363,3.79956,9.13875,,,
1540978508.7749107,3.79956,9.13875,0,0,0
1540978508.8618305,3.79956,9.13875,,,
1540978508.9619482,3.79926,9.13977,,,
1540978509.0658164,3.79926,9.13977,,,
1540978509.1603081,3.79926,9.13977,,,
1540978509.259486,3.79887,9.14029,,,
1540978509.378812,3.79887,9.14029,,,
1540978509.4838817,3.79887,9.14029,,,
1540978509.5590522,3.79857,9.14029,,,
1540978509.6648114,3.79857,9.14107,,,
1540978509.7738175,3.79857,9.14107,0,0,0
1540978509.8608055,3.79857,9.14107,,,
1540978509.9604297,3.7982,9.14209,,,
1540978510.060579,3.7982,9.14209,,,
1540978510.196847,3.7982,9.14209,,,
1540978510.280589,3.7979,9.14209,,,
1540978510.3613355,3.7979,9.14235,,,
1540978510.4610493,3.7979,9.14235,,,
1540978510.5632744,3.79759,9.14235,,,
1540978510.670556,3.79759,9.14363,,,
1540978510.7630708,3.79759,9.14363,0,0,0
1540978510.8615954,3.79759,9.14363,,,
1540978510.9677713,3.79721,9.14467,,,
1540978511.0660427,3.79721,9.14467,,,
1540978511.164986,3.79721,9.14467,,,
1540978511.2630434,3.79691,9.14467,,,
1540978511.3662834,3.79691,9.14569,,,
1540978511.4886627,3.79691,9.14569,,,
1540978511.5897226,3.79652,9.14569,,,
1540978511.6816127,3.79652,9.14647,,,
1540978511.7871015,3.79652,9.14647,0,0,0
1540978511.8729384,3.79652,9.14647,,,
1540978511.975093,3.79623,9.14697,,,
1540978512.069761,3.79623,9.14697,,,
1540978512.1685863,3.79623,9.14697,,,
1540978512.2752526,3.79593,9.14697,,,
1540978512.372553,3.79593,9.14801,,,
1540978512.4700656,3.79593,9.14801,,,
1540978512.5686288,3.79555,9.14801,,,
1540978512.6668897,3.79555,9.14853,,,
1540978512.7812498,3.79555,9.14853,0,0,0
1540978512.8688033,3.79555,9.14853,,,
1540978512.96774,3.79524,9.14929,,,
1540978513.0685503,3.79524,9.14929,,,
1540978513.190822,3.79524,9.14929,,,
1540978513.2876663,3.79494,9.14929,,,
1540978513.3712313,3.79494,9.15007,,,
1540978513.4670572,3.79494,9.15007,,,
1540978513.5682087,3.79463,9.15007,,,
1540978513.6724668,3.79463,9.15057,,,
1540978513.7693663,3.79463,9.15057,0,0,0
1540978513.8698997,3.79463,9.15057,,,
1540978513.9707623,3.79434,9.15135,,,
1540978514.089254,3.79434,9.15135,,,
1540978514.198053,3.79434,9.15135,,,
1540978514.2713819,3.79396,9.15135,,,
1540978514.372866,3.79396,9.15237,,,
1540978514.484008,3.79396,9.15237,,,
1540978514.587517,3.79373,9.15237,,,
1540978514.6736333,3.79373,9.15263,,,
1540978514.7697332,3.79373,9.15263,0,0,0
1540978514.8836243,3.79373,9.15263,,,
1540978514.9874837,3.79335,9.15367,,,
1540978515.073273,3.79335,9.15367,,,
1540978515.168922,3.79335,9.15367,,,
1540978515.282343,3.79305,9.15367,,,
1540978515.381118,3.79305,9.15443,,,
1540978515.4710696,3.79305,9.15443,,,
1540978515.5692074,3.79305,9.15443,,,
1540978515.6719265,3.79274,9.15495,,,
1540978515.7736506,3.79274,9.15495,0,0,0
1540978515.8700745,3.79274,9.15495,,,
1540978515.9704273,3.79245,9.15573,,,
1540978516.0734208,3.79245,9.15573,,,
1540978516.18945,3.79245,9.15573,,,
1540978516.2722588,3.79214,9.15573,,,
1540978516.3721788,3.79214,9.15701,,,
1540978516.4720292,3.79214,9.15701,,,
1540978516.5868397,3.79184,9.15701,,,
1540978516.690463,3.79184,9.15753,,,
1540978516.777551,3.79184,9.15753,0,0,0
1540978516.9078078,3.79184,9.15753,,,
1540978516.988461,3.79153,9.15804,,,
1540978517.095052,3.79153,9.15804,,,
1540978517.1791706,3.79153,9.15804,,,
1540978517.276018,3.79123,9.15804,,,
1540978517.3767946,3.79123,9.15881,,,
1540978517.4805286,3.79123,9.15881,,,
1540978517.5781507,3.79123,9.15881,,,
1540978517.6744425,3.79092,9.15958,,,
1540978517.7755806,3.79092,9.15958,0,0,0
1540978517.9006038,3.79092,9.15958,,,
1540978518.005123,3.79063,9.15984,,,
1540978518.0768075,3.79063,9.15984,,,
1540978518.1785865,3.79063,9.15984,,,
1540978518.2868097,3.79033,9.15984,,,
1540978518.3944678,3.79033,9.16087,,,
1540978518.4801002,3.79033,9.16087,,,
1540978518.5762346,3.79033,9.16087,,,
1540978518.6889603,3.79002,9.1619,,,
1540978518.7986848,3.79002,9.1619,0,0,0
1540978518.8835132,3.79002,9.1619,,,
1540978518.9796205,3.78972,9.16293,,,
1540978519.0861619,3.78972,9.16293,,,
1540978519.1890342,3.78972,9.16293,,,
1540978519.2762434,3.78941,9.16293,,,
1540978519.3775966,3.78941,9.1637,,,
1540978519.4810724,3.78941,9.1637,,,
1540978519.5804365,3.78941,9.1637,,,
1540978519.6773324,3.78911,9.16422,,,
1540978519.7767105,3.78911,9.16422,0,0,0
1540978519.8759756,3.78911,9.16422,,,
1540978519.9957514,3.78882,9.16498,,,
1540978520.0838413,3.78882,9.16498,,,
1540978520.176034,3.78882,9.16498,,,
1540978520.2778714,3.78851,9.16498,,,
1540978520.390744,3.78851,9.16576,,,
1540978520.5100899,3.78851,9.16576,,,
1540978520.5888727,3.78851,9.16576,,,
1540978520.6763291,3.78828,9.16602,,,
1540978520.782267,3.78828,9.16602,0,0,0
1540978520.8969314,3.78828,9.16602,,,
1540978520.9842677,3.7879,9.16679,,,
1540978521.0792696,3.7879,9.16679,,,
1540978521.1783538,3.7879,9.16679,,,
1540978521.286896,3.78767,9.16679,,,
1540978521.3781743,3.78767,9.16756,,,
1540978521.4793513,3.78767,9.16756,,,
1540978521.580016,3.78767,9.16756,,,
1540978521.7065814,3.78737,9.16808,,,
1540978521.7840004,3.78737,9.16808,0,0,0
1540978521.8822327,3.78737,9.16808,,,
1540978522.0070329,3.78706,9.16808,,,
1540978522.098696,3.78706,9.16884,,,
1540978522.2028086,3.78706,9.16884,,,
1540978522.2837272,3.78685,9.16884,,,
1540978522.3821309,3.78685,9.16962,,,
1540978522.490593,3.78685,9.16962,,,
1540978522.5950358,3.78685,9.16962,,,
1540978522.6851358,3.78654,9.17014,,,
1540978522.7830875,3.78654,9.17014,0,0,0
1540978522.881855,3.78654,9.17014,,,
1540978522.9897556,3.78624,9.17014,,,
1540978523.0868678,3.78624,9.17064,,,
1540978523.1871252,3.78624,9.17064,,,
1540978523.2842312,3.78593,9.17064,,,
1540978523.4017184,3.78593,9.17168,,,
1540978523.525692,3.78593,9.17168,,,
1540978523.6002522,3.78593,9.17168,,,
1540978523.6880827,3.78563,9.1727,,,
1540978523.8065357,3.78563,9.1727,0,0,0
1540978523.9063625,3.78563,9.1727,,,
1540978523.9880486,3.7854,9.1727,,,
1540978524.085469,3.7854,9.17296,,,
1540978524.1954768,3.7854,9.17296,,,
1540978524.3020086,3.7851,9.17296,,,
1540978524.3882084,3.7851,9.17348,,,
1540978524.4891174,3.7851,9.17348,,,
1540978524.5856957,3.7851,9.17348,,,
1540978524.69187,3.78488,9.1745,,,
1540978524.7880418,3.78488,9.1745,0,0,0
1540978524.8868554,3.78488,9.1745,,,
1540978525.003578,3.78458,9.1745,,,
1540978525.115304,3.78458,9.17502,,,
1540978525.2124069,3.78458,9.17502,,,
1540978525.2916052,3.78427,9.17502,,,
1540978525.3906822,3.78427,9.17554,,,
1540978525.4981742,3.78427,9.17554,,,
1540978525.602417,3.78427,9.17554,,,
1540978525.6893215,3.78404,9.17604,,,
1540978525.8119276,3.78404,9.17604,0,0,0
1540978525.9030511,3.78404,9.17604,,,
1540978526.0181434,3.78374,9.17708,,,
1540978526.0945299,3.78374,9.17708,,,
1540978526.1916616,3.78374,9.17708,,,
1540978526.2918165,3.78374,9.17708,,,
1540978526.40329,3.78343,9.17734,,,
1540978526.5151336,3.78343,9.17734,,,
1540978526.595766,3.78343,9.17734,,,
1540978526.6941955,3.7832,9.17784,,,
1540978526.800123,3.7832,9.17784,0,0,0
1540978526.9113278,3.7832,9.17784,,,
1540978526.9959915,3.78291,9.17784,,,
1540978527.0998275,3.78291,9.17888,,,
1540978527.1957831,3.78291,9.17888,,,
1540978527.3034866,3.78268,9.17888,,,
1540978527.3994946,3.78268,9.1799,,,
1540978527.4964874,3.78268,9.1799,,,
1540978527.59737,3.78268,9.1799,,,
1540978527.7141166,3.78238,9.18068,,,
1540978527.814036,3.78238,9.18068,0,0,0
1540978527.9026322,3.78238,9.18068,,,
1540978528.0009825,3.78215,9.18068,,,
1540978528.1183898,3.78215,9.1812,,,
1540978528.2107756,3.78215,9.1812,,,
1540978528.2993984,3.78215,9.1812,,,
1540978528.4025993,3.78185,9.1817,,,
1540978528.4994133,3.78185,9.1817,,,
1540978528.6065753,3.78185,9.1817,,,
1540978528.6996953,3.78162,9.18222,,,
1540978528.7981079,3.78162,9.18222,0,0,0
1540978528.8983037,3.78162,9.18222,,,
1540978529.0148664,3.78131,9.18222,,,
1540978529.1250846,3.78131,9.18324,,,
1540978529.1975186,3.78131,9.18324,,,
1540978529.295802,3.78131,9.18324,,,
1540978529.4056032,3.7811,9.1835,,,
1540978529.529659,3.7811,9.1835,,,
1540978529.6307023,3.7811,9.1835,,,
1540978529.7074587,3.78079,9.18402,0,0,0
1540978529.798452,3.78079,9.18402,,,
1540978529.9070647,3.78079,9.18402,,,
1540978530.001159,3.78056,9.18402,,,
1540978530.0997922,3.78056,9.1848,,,
1540978530.198262,3.78056,9.1848,,,
1540978530.3331401,3.78026,9.1848,,,
1540978530.4349372,3.78026,9.18582,,,
1540978530.5079567,3.78026,9.18582,,,
1540978530.5993788,3.78026,9.18582,,,
1540978530.717172,3.78003,9.18634,,,
1540978530.8280308,3.78003,9.18634,0,0,0
1540978530.9086812,3.78003,9.18634,,,
1540978531.00333,3.7798,9.18634,,,
1540978531.111576,3.7798,9.1866,,,
1540978531.221612,3.7798,9.1866,,,
1540978531.3028023,3.7798,9.1866,,,
1540978531.4039743,3.7795,9.18736,,,
1540978531.5062146,3.7795,9.18736,,,
1540978531.6109154,3.7795,9.18736,,,
1540978531.7044318,3.77927,9.18814,,,
1540978531.8020246,3.77927,9.18814,0,0,0
1540978531.9026494,3.77927,9.18814,,,
1540978532.0262496,3.77905,9.18814,,,
1540978532.1051805,3.77905,9.18864,,,
1540978532.2039452,3.77905,9.18864,,,
1540978532.3040159,3.77905,9.18864,,,
1540978532.416879,3.77875,9.18916,,,
1540978532.520723,3.77875,9.18916,,,
1540978532.6050305,3.77875,9.18916,,,
1540978532.7030282,3.77844,9.18994,,,
1540978532.8098023,3.77844,9.18994,0,0,0
1540978532.9243615,3.77844,9.18994,,,
1540978533.0152073,3.77821,9.18994,,,
1540978533.1097145,3.77821,9.19044,,,
1540978533.2084541,3.77821,9.19044,,,
1540978533.3173277,3.77821,9.19044,,,
1540978533.4081638,3.77798,9.1907,,,
1540978533.5055554,3.77798,9.1907,,,
1540978533.6084359,3.77798,9.1907,,,
1540978533.7137,3.77768,9.19148,,,
1540978533.8078036,3.77768,9.19148,0,0,0
1540978533.9072452,3.77768,9.19148,,,
1540978534.0099545,3.77745,9.19148,,,
1540978534.1288633,3.77745,9.19225,,,
1540978534.2108912,3.77745,9.19225,,,
1540978534.3063831,3.77745,9.19225,,,
1540978534.4078715,3.77716,9.1925,,,
1540978534.5219975,3.77716,9.1925,,,
1540978534.6253955,3.77716,9.1925,,,
1540978534.7432165,3.77693,9.1925,0,0,0
1540978534.8122852,3.77693,9.19302,,,
1540978534.9111779,3.77693,9.19302,,,
1540978535.0171955,3.77663,9.19302,,,
1540978535.1080153,3.77663,9.19405,,,
1540978535.2072282,3.77663,9.19405,,,
1540978535.310109,3.77663,9.19405,,,
1540978535.4093316,3.7764,9.19482,,,
1540978535.5133662,3.7764,9.19482,,,
1540978535.6083558,3.7764,9.19482,,,
1540978535.709611,3.77617,9.19482,,,
1540978535.8242514,3.77617,9.19534,0,0,0
1540978535.9357646,3.77617,9.19534,,,
1540978536.011128,3.77586,9.19534,,,
1540978536.1089013,3.77586,9.19585,,,
1540978536.2209375,3.77586,9.19585,,,
1540978536.327735,3.77586,9.19585,,,
1540978536.4150286,3.77563,9.19637,,,
1540978536.5091481,3.77563,9.19637,,,
1540978536.6125996,3.77563,9.19637,,,
1540978536.713837,3.77541,9.19637,,,
1540978536.8100176,3.77541,9.1974,0,0,0
1540978536.9099734,3.77541,9.1974,,,
1540978537.017814,3.77512,9.1974,,,
1540978537.1322978,3.77512,9.19817,,,
1540978537.2396917,3.77512,9.19817,,,
1540978537.314351,3.77512,9.19817,,,
1540978537.417581,3.77489,9.19894,,,
1540978537.521799,3.77489,9.19894,,,
1540978537.6307888,3.77489,9.19894,,,
1540978537.7166371,3.77458,9.19894,0,0,0
1540978537.8140857,3.77458,9.19971,,,
1540978537.9248788,3.77458,9.19971,,,
1540978538.0351202,3.77435,9.19971,,,
1540978538.1193924,3.77435,9.19997,,,
1540978538.2151585,3.77435,9.19997,,,
1540978538.3155384,3.77435,9.19997,,,
1540978538.4240649,3.77412,9.20049,,,
1540978538.5146348,3.77412,9.20049,,,
1540978538.6155677,3.77412,9.20049,,,
1540978538.7152417,3.7739,9.20049,0,0,0
1540978538.8385024,3.7739,9.20125,,,
1540978538.9400768,3.7739,9.20125,,,
1540978539.0407846,3.77359,9.20125,,,
1540978539.1400785,3.77359,9.20177,,,
1540978539.2362833,3.77359,9.20177,,,
1540978539.3449028,3.77359,9.20177,,,
1540978539.419623,3.77338,9.20229,,,
1540978539.5186925,3.77338,9.20229,,,
1540978539.6269336,3.77338,9.20229,,,
1540978539.7384467,3.77315,9.20229,0,0,0
1540978539.8223186,3.77315,9.2028,,,
1540978539.9191964,3.77315,9.2028,,,
1540978540.026999,3.77284,9.2028,,,
1540978540.1398535,3.77284,9.20383,,,
1540978540.2227833,3.77284,9.20383,,,
1540978540.3195863,3.77284,9.20383,,,
1540978540.431993,3.77269,9.20409,,,
1540978540.5378516,3.77269,9.20409,,,
1540978540.6189566,3.77269,9.20409,,,
1540978540.7168076,3.77238,9.20409,0,0,0
1540978540.8168101,3.77238,9.20435,,,
1540978540.9254794,3.77238,9.20435,,,
1540978541.0165768,3.77238,9.20435,,,
1540978541.11685,3.77216,9.20511,,,
1540978541.2216337,3.77216,9.20511,,,
1540978541.337665,3.77216,9.20511,,,
1540978541.4249413,3.77193,9.20589,,,
1540978541.5191674,3.77193,9.20589,,,
1540978541.618937,3.77193,9.20589,,,
1540978541.735238,3.77162,9.20589,0,0,0
1540978541.843284,3.77162,9.20691,,,
1540978541.926925,3.77162,9.20691,,,
1540978542.0263402,3.77162,9.20691,,,
1540978542.153908,3.77141,9.20717,,,
1540978542.2459111,3.77141,9.20717,,,
1540978542.3243175,3.77141,9.20717,,,
1540978542.4242332,3.77118,9.20769,,,
1540978542.5260808,3.77118,9.20769,,,
1540978542.6314738,3.77118,9.20769,,,
1540978542.7230892,3.77095,9.20769,0,0,0
1540978542.8219624,3.77095,9.20845,,,
1540978542.9502919,3.77095,9.20845,,,
1540978543.0275168,3.77095,9.20845,,,
1540978543.1254795,3.77065,9.20897,,,
1540978543.224736,3.77065,9.20897,,,
1540978543.324258,3.77065,9.20897,,,
1540978543.4424336,3.77042,9.20923,,,
1540978543.5545938,3.77042,9.20923,,,
1540978543.62346,3.77042,9.20923,,,
1540978543.7222033,3.77019,9.20923,0,0,0
1540978543.8387296,3.77019,9.20975,,,
1540978543.94881,3.77019,9.20975,,,
1540978544.030871,3.77019,9.20975,,,
1540978544.1292827,3.76996,9.21051,,,
1540978544.2355475,3.76996,9.21051,,,
1540978544.3589368,3.76996,9.21051,,,
1540978544.4607773,3.76973,9.21103,,,
1540978544.5359037,3.76973,9.21103,,,
1540978544.6304612,3.76973,9.21103,,,
1540978544.745103,3.76944,9.21103,0,0,0
1540978544.8269749,3.76944,9.21129,,,
1540978544.9280117,3.76944,9.21129,,,
1540978545.029583,3.76944,9.21129,,,
1540978545.1322572,3.76921,9.21205,,,
1540978545.229552,3.76921,9.21205,,,
1540978545.329122,3.76921,9.21205,,,
1540978545.428055,3.76898,9.21283,,,
1540978545.5473804,3.76898,9.21283,,,
1540978545.6567392,3.76898,9.21283,,,
1540978545.7319312,3.76875,9.21283,0,0,0
1540978545.8347704,3.76875,9.21385,,,
1540978545.9669816,3.76875,9.21385,,,
1540978546.0503063,3.76875,9.21385,,,
1540978546.1319249,3.76845,9.21463,,,
1540978546.228048,3.76845,9.21463,,,
1540978546.3359962,3.76845,9.21463,,,
1540978546.4436138,3.76822,9.21463,,,
1540978546.5320168,3.76822,9.21515,,,
1540978546.6343243,3.76822,9.21515,,,
1540978546.7633677,3.76799,9.21515,0,0,0
1540978546.8394492,3.76799,9.21541,,,
1540978546.941319,3.76799,9.21541,,,
1540978547.0347846,3.76799,9.21541,,,
1540978547.1305006,3.76776,9.21591,,,
1540978547.253741,3.76776,9.21591,,,
1540978547.3590589,3.76776,9.21591,,,
1540978547.4364762,3.76755,9.21591,,,
1540978547.5331516,3.76755,9.21669,,,
1540978547.6407177,3.76755,9.21669,,,
1540978547.7572672,3.76732,9.21669,0,0,0
1540978547.8343496,3.76732,9.21721,,,
1540978547.9392178,3.76732,9.21721,,,
1540978548.0326607,3.76732,9.21721,,,
1540978548.1426523,3.76709,9.21745,,,
1540978548.2837641,3.76709,9.21745,,,
1540978548.3469806,3.76709,9.21745,,,
1540978548.436002,3.76686,9.21745,,,
1540978548.5571,3.76686,9.21823,,,
1540978548.6378958,3.76686,9.21823,,,
1540978548.7359204,3.76656,9.21823,0,0,0
1540978548.836285,3.76656,9.21901,,,
1540978548.9458158,3.76656,9.21901,,,
1540978549.0698957,3.76656,9.21901,,,
1540978549.1460202,3.76633,9.21977,,,
1540978549.2360137,3.76633,9.21977,,,
1540978549.3358905,3.76633,9.21977,,,
1540978549.4426315,3.7661,9.21977,,,
1540978549.5385296,3.7661,9.22029,,,
1540978549.636764,3.7661,9.22029,,,
1540978549.7377448,3.76587,9.22029,0,0,0
1540978549.884826,3.76587,9.22055,,,
1540978549.9723883,3.76587,9.22055,,,
1540978550.0443714,3.76587,9.22055,,,
1540978550.1382508,3.76566,9.22131,,,
1540978550.253632,3.76566,9.22131,,,
1540978550.3578136,3.76566,9.22131,,,
1540978550.4450588,3.76543,9.22131,,,
1540978550.543869,3.76543,9.22183,,,
1540978550.6404305,3.76543,9.22183,,,
1540978550.7439013,3.7652,9.22183,0,0,0
1540978550.8387804,3.7652,9.22235,,,
1540978550.9396002,3.7652,9.22235,,,
1540978551.0409844,3.7652,9.22235,,,
1540978551.142592,3.76497,9.22285,,,
1540978551.2455122,3.76497,9.22285,,,
1540978551.357815,3.76497,9.22285,,,
1540978551.4535038,3.76474,9.22285,,,
1540978551.5573144,3.76474,9.22311,,,
1540978551.6655483,3.76474,9.22311,,,
1540978551.7439673,3.76474,9.22311,0,0,0
1540978551.8428338,3.76443,9.22415,,,
1540978551.9499073,3.76443,9.22415,,,
1540978552.0588663,3.76443,9.22415,,,
1540978552.151265,3.76421,9.22491,,,
1540978552.2481108,3.76421,9.22491,,,
1540978552.3487191,3.76421,9.22491,,,
1540978552.4459984,3.76398,9.22491,,,
1540978552.5406153,3.76398,9.22543,,,
1540978552.6408794,3.76398,9.22543,,,
1540978552.744012,3.76398,9.22543,0,0,0
1540978552.890785,3.76376,9.22569,,,
1540978552.9804735,3.76376,9.22569,,,
1540978553.0468922,3.76376,9.22569,,,
1540978553.143223,3.76353,9.22621,,,
1540978553.2641273,3.76353,9.22621,,,
1540978553.3692694,3.76353,9.22621,,,
1540978553.456297,3.76331,9.22621,,,
1540978553.5461423,3.76331,9.22697,,,
1540978553.6507404,3.76331,9.22697,,,
1540978553.7632089,3.76308,9.22697,0,0,0
1540978553.8504443,3.76308,9.22749,,,
1540978553.9464073,3.76308,9.22749,,,
1540978554.0519943,3.76308,9.22749,,,
1540978554.1586573,3.76285,9.22775,,,
1540978554.2460973,3.76285,9.22775,,,
1540978554.3458626,3.76285,9.22775,,,
1540978554.4459543,3.76262,9.22775,,,
1540978554.5482304,3.76262,9.22852,,,
1540978554.6494348,3.76262,9.22852,,,
1540978554.74536,3.76262,9.22852,0,0,0
1540978554.8443115,3.76239,9.22903,,,
1540978554.963994,3.76239,9.22903,,,
1540978555.0658202,3.76239,9.22903,,,
1540978555.151625,3.76216,9.22955,,,
1540978555.2462356,3.76216,9.22955,,,
1540978555.3566847,3.76216,9.22955,,,
1540978555.4706197,3.76193,9.22955,,,
1540978555.5524697,3.76193,9.22981,,,
1540978555.6485846,3.76193,9.22981,,,
1540978555.7556345,3.76193,9.22981,0,0,0
1540978555.8670619,3.76172,9.23032,,,
1540978555.9508147,3.76172,9.23032,,,
1540978556.0487037,3.76172,9.23032,,,
1540978556.150565,3.76149,9.23135,,,
1540978556.2567787,3.76149,9.23135,,,
1540978556.3509796,3.76149,9.23135,,,
1540978556.4490907,3.76126,9.23135,,,
1540978556.5726752,3.76126,9.23212,,,
1540978556.657057,3.76126,9.23212,,,
1540978556.7555497,3.76126,9.23212,0,0,0
1540978556.8525364,3.76096,9.23289,,,
1540978556.959541,3.76096,9.23289,,,
1540978557.0703473,3.76096,9.23289,,,
1540978557.174479,3.76073,9.23341,,,
1540978557.254064,3.76073,9.23341,,,
1540978557.3488662,3.76073,9.23341,,,
1540978557.4544296,3.7605,9.23341,,,
1540978557.5631344,3.7605,9.23366,,,
1540978557.6523275,3.7605,9.23366,,,
1540978557.7516515,3.7605,9.23366,0,0,0
1540978557.8513453,3.76027,9.23418,,,
1540978557.958835,3.76027,9.23418,,,
1540978558.0538206,3.76027,9.23418,,,
1540978558.1529326,3.76004,9.23418,,,
1540978558.2505634,3.76004,9.23495,,,
1540978558.378728,3.76004,9.23495,,,
1540978558.4807322,3.75983,9.23495,,,
1540978558.5553353,3.75983,9.23572,,,
1540978558.6527221,3.75983,9.23572,,,
1540978558.7680705,3.75983,9.23572,0,0,0
1540978558.8721573,3.7596,9.2365,,,
1540978558.956299,3.7596,9.2365,,,
1540978559.0527916,3.7596,9.2365,,,
1540978559.1590812,3.75937,9.23701,,,
1540978559.2713904,3.75937,9.23701,,,
1540978559.3583367,3.75937,9.23701,,,
1540978559.4840386,3.75914,9.23701,,,
1540978559.556923,3.75914,9.23727,,,
1540978559.662033,3.75914,9.23727,,,
1540978559.7559114,3.75914,9.23727,0,0,0
1540978559.8570795,3.75891,9.23778,,,
1540978559.957992,3.75891,9.23778,,,
1540978560.0776434,3.75891,9.23778,,,
1540978560.1891747,3.75868,9.23778,,,
1540978560.293381,3.75868,9.23856,,,
1540978560.3613906,3.75868,9.23856,,,
1540978560.4734013,3.75845,9.23856,,,
1540978560.5836923,3.75845,9.23882,,,
1540978560.6591673,3.75845,9.23882,,,
1540978560.7555315,3.75845,9.23882,0,0,0
1540978560.8661416,3.75822,9.23932,,,
1540978560.9760344,3.75822,9.23932,,,
1540978561.0585387,3.75822,9.23932,,,
1540978561.155777,3.75801,9.23932,,,
1540978561.259042,3.75801,9.23984,,,
1540978561.3692453,3.75801,9.23984,,,
1540978561.4589078,3.75778,9.23984,,,
1540978561.559519,3.75778,9.24062,,,
1540978561.6590853,3.75778,9.24062,,,
1540978561.789687,3.75778,9.24062,0,0,0
1540978561.8648453,3.75755,9.24112,,,
1540978561.9616873,3.75755,9.24112,,,
1540978562.0625124,3.75755,9.24112,,,
1540978562.1794424,3.75732,9.24138,,,
1540978562.289484,3.75732,9.24138,,,
1540978562.3667617,3.75732,9.24138,,,
1540978562.4624925,3.75732,9.24138,,,
1540978562.5752401,3.7571,9.2419,,,
1540978562.67663,3.7571,9.2419,,,
1540978562.7657216,3.7571,9.2419,0,0,0
1540978562.862914,3.75687,9.24268,,,
1540978562.964524,3.75687,9.24268,,,
1540978563.0716076,3.75687,9.24268,,,
1540978563.1650703,3.75664,9.24268,,,
1540978563.263815,3.75664,9.24344,,,
1540978563.3663425,3.75664,9.24344,,,
1540978563.4902842,3.75641,9.24344,,,
1540978563.59266,3.75641,9.24422,,,
1540978563.666391,3.75641,9.24422,,,
1540978563.7634108,3.75641,9.24422,0,0,0
1540978563.8780518,3.75618,9.24422,,,
1540978563.9957309,3.75618,9.24422,,,
1540978564.0779643,3.75618,9.24422,,,
1540978564.1661255,3.75597,9.24422,,,
1540978564.2695212,3.75597,9.24498,,,
1540978564.3865814,3.75597,9.24498,,,
1540978564.4658988,3.75597,9.24498,,,
1540978564.5646307,3.75574,9.2455,,,
1540978564.6635308,3.75574,9.2455,,,
1540978564.8362737,3.73401,9.2455,,,
1540978564.9864779,3.73401,10.3614,,,
1540978565.1630814,3.687,10.3614,,,
1540978565.3207731,3.687,12.1308,,,
1540978565.4707882,3.687,12.1308,,,
1540978565.6272779,3.68443,12.1388,,,
1540978565.7788582,3.68443,12.1388,,,
1540978565.943171,3.68254,12.1452,,,
1540978566.1040542,3.68254,12.1452,,,
1540978566.2728915,3.68103,12.1504,,,
1540978566.3696449,3.68103,12.1504,0,0,0
1540978566.4767892,3.68103,12.1504,0,0,0
1540978566.5578082,3.71432,10.472,,,
1540978566.6588817,3.71432,10.472,,,
1540978566.7609262,3.71432,10.472,0,0,0
1540978566.8702643,3.74748,10.472,,,
1540978566.958704,3.74748,9.2653,,,
1540978567.0566392,3.74748,9.2653,,,
1540978567.1605914,3.74854,9.2653,,,
1540978567.2668898,3.74854,9.26299,,,
1540978567.3579905,3.74854,9.26299,,,
1540978567.4568794,3.74854,9.26299,,,
1540978567.5605574,3.74899,9.26196,,,
1540978567.6626668,3.74899,9.26196,,,
1540978567.7941473,3.74899,9.26196,0,0,0
1540978567.864212,3.7493,9.26196,,,
1540978567.9597468,3.7493,9.26118,,,
1540978568.0712206,3.7493,9.26118,,,
1540978568.1814585,3.74953,9.26118,,,
1540978568.2667897,3.74953,9.26068,,,
1540978568.3639517,3.74953,9.26068,,,
1540978568.471681,3.74953,9.26068,,,
1540978568.6014056,3.74953,9.26068,,,
1540978568.6672766,3.74953,9.26068,,,
1540978568.7641962,3.74953,9.26068,0,0,0
1540978568.8629901,3.7496,9.26068,,,
1540978568.9675312,3.7496,9.26068,,,
1540978569.07428,3.7496,9.26068,,,
1540978569.166268,3.7496,9.26068,,,
1540978569.2666173,3.7496,9.26068,,,
1540978569.4022453,3.7496,9.26068,,,
1540978569.4987395,3.7496,9.26068,,,
1540978569.5738554,3.74953,9.26068,,,
1540978569.6663888,3.74953,9.26068,,,
1540978569.7756097,3.74953,9.26068,0,0,0
1540978569.8896818,3.74945,9.26068,,,
1540978569.9708154,3.74945,9.26093,,,
1540978570.0663128,3.74945,9.26093,,,
1540978570.1715791,3.74937,9.26093,,,
1540978570.286,3.74937,9.26118,,,
1540978570.367502,3.74937,9.26118,,,
1540978570.4669852,3.74937,9.26118,,,
1540978570.5717034,3.74922,9.26144,,,
1540978570.6768355,3.74922,9.26144,,,
1540978570.7670906,3.74922,9.26144,0,0,0
1540978570.8683383,3.74915,9.26144,,,
1540978570.966891,3.74915,9.26196,,,
1540978571.067756,3.74915,9.26196,,,
1540978571.1771774,3.74899,9.26196,,,
1540978571.2685442,3.74899,9.26222,,,
1540978571.3681319,3.74899,9.26222,,,
1540978571.4785373,3.74899,9.26222,,,
1540978571.6031942,3.74884,9.26248,,,
1540978571.678431,3.74884,9.26248,,,
1540978571.76945,3.74884,9.26248,0,0,0
1540978571.8763435,3.74869,9.26248,,,
1540978571.9889574,3.74869,9.26273,,,
1540978572.0719619,3.74869,9.26273,,,
1540978572.1706128,3.74869,9.26273,,,
1540978572.2745602,3.74854,9.26299,,,
1540978572.383466,3.74854,9.26299,,,
1540978572.4711008,3.74854,9.26299,,,
1540978572.578236,3.7484,9.26324,,,
1540978572.6780202,3.7484,9.26324,,,
1540978572.7796285,3.7484,9.26324,0,0,0
1540978572.8825855,3.74825,9.26324,,,
1540978572.9716883,3.74825,9.26376,,,
1540978573.0713365,3.74825,9.26376,,,
1540978573.189207,3.74809,9.26376,,,
1540978573.2967389,3.74809,9.26428,,,
1540978573.3764641,3.74809,9.26428,,,
1540978573.4729466,3.74809,9.26428,,,
1540978573.5806227,3.74794,9.26479,,,
1540978573.6900184,3.74794,9.26479,,,
1540978573.7818294,3.74794,9.26479,0,0,0
1540978573.878959,3.74779,9.26479,,,
1540978573.9791791,3.74779,9.26479,,,
1540978574.0796666,3.74779,9.26479,,,
1540978574.1778674,3.74779,9.26479,,,
1540978574.274757,3.74756,9.2653,,,
1540978574.3767025,3.74756,9.2653,,,
1540978574.483854,3.74756,9.2653,,,
1540978574.6119702,3.74741,9.26582,,,
1540978574.680067,3.74741,9.26582,,,
1540978574.7777658,3.74741,9.26582,0,0,0
1540978574.8955991,3.74718,9.26582,,,
1540978575.0024347,3.74718,9.26633,,,
1540978575.0799668,3.74718,9.26633,,,
1540978575.1936164,3.74718,9.26633,,,
1540978575.293936,3.74702,9.26711,,,
1540978575.394722,3.74702,9.26711,,,
1540978575.4811013,3.74702,9.26711,,,
1540978575.5790968,3.7468,9.26788,,,
1540978575.67964,3.7468,9.26788,,,
1540978575.7810826,3.7468,9.26788,0,0,0
1540978575.8841155,3.74664,9.26788,,,
1540978575.9813187,3.74664,9.26839,,,
1540978576.0803688,3.74664,9.26839,,,
1540978576.1989248,3.74643,9.26839,,,
1540978576.3021262,3.74643,9.26865,,,
1540978576.384855,3.74643,9.26865,,,
1540978576.4823718,3.74643,9.26865,,,
1540978576.5862546,3.74628,9.26891,,,
1540978576.6986632,3.74628,9.26891,,,
1540978576.7862384,3.74628,9.26891,0,0,0
1540978576.8825924,3.74605,9.26891,,,
1540978576.9856758,3.74605,9.26942,,,
1540978577.0853653,3.74605,9.26942,,,
1540978577.183858,3.74605,9.26942,,,
1540978577.2836533,3.7459,9.26993,,,
1540978577.3849263,3.7459,9.26993,,,
1540978577.4825854,3.7459,9.26993,,,
1540978577.610057,3.74567,9.26993,,,
1540978577.6838703,3.74567,9.27045,,,
1540978577.7825603,3.74567,9.27045,0,0,0
1540978577.8936656,3.74551,9.27045,,,
1540978577.997032,3.74551,9.27122,,,
1540978578.0844607,3.74551,9.27122,,,
1540978578.1841185,3.74551,9.27122,,,
1540978578.2889338,3.74529,9.27173,,,
1540978578.3902612,3.74529,9.27173,,,
1540978578.4860644,3.74529,9.27173,,,
1540978578.5859985,3.74506,9.27173,,,
1540978578.6850357,3.74506,9.27199,,,
1540978578.7857878,3.74506,9.27199,0,0,0
1540978578.8845592,3.7449,9.27199,,,
1540978578.9857624,3.7449,9.27251,,,
1540978579.0865715,3.7449,9.27251,,,
1540978579.20161,3.7449,9.27251,,,
1540978579.3060772,3.74467,9.27277,,,
1540978579.3896012,3.74467,9.27277,,,
1540978579.485652,3.74467,9.27277,,,
1540978579.58995,3.74446,9.27353,,,
1540978579.6981158,3.74446,9.27353,,,
1540978579.7856183,3.74446,9.27353,0,0,0
1540978579.8893034,3.74431,9.27353,,,
1540978579.9878557,3.74431,9.27405,,,
1540978580.0901484,3.74431,9.27405,,,
1540978580.1861708,3.74431,9.27405,,,
1540978580.3079007,3.74408,9.27431,,,
1540978580.392043,3.74408,9.27431,,,
1540978580.4884238,3.74408,9.27431,,,
1540978580.5881042,3.74385,9.27431,,,
1540978580.6865392,3.74385,9.27483,,,
1540978580.7860384,3.74385,9.27483,0,0,0
1540978580.9005144,3.74362,9.27483,,,
1540978581.0065248,3.74362,9.27533,,,
1540978581.0942967,3.74362,9.27533,,,
1540978581.1889048,3.74362,9.27533,,,
1540978581.2991736,3.74347,9.27611,,,
1540978581.4043205,3.74347,9.27611,,,
1540978581.4930115,3.74347,9.27611,,,
1540978581.5881135,3.74324,9.27611,,,
1540978581.6895578,3.74324,9.27689,,,
1540978581.792278,3.74324,9.27689,0,0,0
1540978581.8901134,3.74324,9.27689,,,
1540978581.99085,3.74301,9.27713,,,
1540978582.0901542,3.74301,9.27713,,,
1540978582.2078161,3.74301,9.27713,,,
1540978582.2915506,3.74286,9.27739,,,
1540978582.38876,3.74286,9.27739,,,
1540978582.4926083,3.74286,9.27739,,,
1540978582.5985212,3.74265,9.27739,,,
1540978582.7081912,3.74265,9.27791,,,
1540978582.7904942,3.74265,9.27791,0,0,0
1540978582.893116,3.74265,9.27791,,,
1540978582.9959989,3.74242,9.27869,,,
1540978583.0972621,3.74242,9.27869,,,
1540978583.1921213,3.74242,9.27869,,,
1540978583.2927456,3.74219,9.27893,,,
1540978583.3936644,3.74219,9.27893,,,
1540978583.4947548,3.74219,9.27893,,,
1540978583.593897,3.74203,9.27893,,,
1540978583.6904745,3.74203,9.27919,,,
1540978583.7937737,3.74203,9.27919,0,0,0
1540978583.9007587,3.74181,9.27919,,,
1540978584.007274,3.74181,9.27971,,,
1540978584.0911837,3.74181,9.27971,,,
1540978584.1941235,3.74181,9.27971,,,
1540978584.296276,3.74158,9.28023,,,
1540978584.3970745,3.74158,9.28023,,,
1540978584.4922047,3.74158,9.28023,,,
1540978584.5967312,3.74135,9.28023,,,
1540978584.6965566,3.74135,9.28125,,,
1540978584.7981124,3.74135,9.28125,0,0,0
1540978584.895009,3.74135,9.28125,,,
1540978584.9967487,3.7412,9.28177,,,
1540978585.095884,3.7412,9.28177,,,
1540978585.2109165,3.7412,9.28177,,,
1540978585.313785,3.74097,9.28229,,,
1540978585.3993492,3.74097,9.28229,,,
1540978585.4970102,3.74097,9.28229,,,
1540978585.6032062,3.74075,9.28229,,,
1540978585.7095737,3.74075,9.28253,,,
1540978585.7970319,3.74075,9.28253,0,0,0
1540978585.8998866,3.74075,9.28253,,,
1540978586.0247104,3.74052,9.28305,,,
1540978586.1095386,3.74052,9.28305,,,
1540978586.20478,3.74052,9.28305,,,
1540978586.3043098,3.7403,9.28357,,,
1540978586.4053311,3.7403,9.28357,,,
1540978586.5050387,3.7403,9.28357,,,
1540978586.6217146,3.74007,9.28357,,,
1540978586.7049646,3.74007,9.28459,0,0,0
1540978586.8052459,3.74007,9.28459,,,
1540978586.912933,3.74007,9.28459,,,
1540978587.0185702,3.73984,9.28511,,,
1540978587.104067,3.73984,9.28511,,,
1540978587.206076,3.73984,9.28511,,,
1540978587.3088686,3.73961,9.28589,,,
1540978587.4132187,3.73961,9.28589,,,
1540978587.5044806,3.73961,9.28589,,,
1540978587.5982854,3.73938,9.28589,,,
1540978587.704867,3.73938,9.28639,,,
1540978587.8052192,3.73938,9.28639,0,0,0
1540978587.9033027,3.73938,9.28639,,,
1540978588.0039718,3.73923,9.28665,,,
1540978588.1046221,3.73923,9.28665,,,
1540978588.2203608,3.73923,9.28665,,,
1540978588.3012059,3.739,9.28665,,,
1540978588.401015,3.739,9.28717,,,
1540978588.50549,3.739,9.28717,,,
1540978588.6126235,3.73878,9.28717,,,
1540978588.7145073,3.73878,9.28793,,,
1540978588.804845,3.73878,9.28793,0,0,0
1540978588.908175,3.73878,9.28793,,,
1540978589.0064845,3.73856,9.28845,,,
1540978589.1077325,3.73856,9.28845,,,
1540978589.2038567,3.73856,9.28845,,,
1540978589.3043408,3.73833,9.28845,,,
1540978589.4039795,3.73833,9.28871,,,
1540978589.5214787,3.73833,9.28871,,,
1540978589.6228664,3.73817,9.28871,,,
1540978589.7060428,3.73817,9.28897,0,0,0
1540978589.8058052,3.73817,9.28897,,,
1540978589.9128816,3.73817,9.28897,,,
1540978590.018224,3.73795,9.28973,,,
1540978590.1050801,3.73795,9.28973,,,
1540978590.2087045,3.73795,9.28973,,,
1540978590.3088443,3.73772,9.28973,,,
1540978590.4097981,3.73772,9.29051,,,
1540978590.5069475,3.73772,9.29051,,,
1540978590.6087606,3.73749,9.29051,,,
1540978590.7090883,3.73749,9.29129,,,
1540978590.8290584,3.73749,9.29129,0,0,0
1540978590.9284816,3.73749,9.29129,,,
1540978591.0068703,3.73726,9.29153,,,
1540978591.1100855,3.73726,9.29153,,,
1540978591.2173567,3.73726,9.29153,,,
1540978591.323829,3.73703,9.29153,,,
1540978591.4108603,3.73703,9.29205,,,
1540978591.5109358,3.73703,9.29205,,,
1540978591.6144836,3.73682,9.29205,,,
1540978591.7152698,3.73682,9.29257,0,0,0
1540978591.8062382,3.73682,9.29257,,,
1540978591.9113014,3.73682,9.29257,,,
1540978592.0116594,3.73659,9.29333,,,
1540978592.111907,3.73659,9.29333,,,
1540978592.2090013,3.73659,9.29333,,,
1540978592.3116276,3.73636,9.29333,,,
1540978592.4140139,3.73636,9.29359,,,
1540978592.5288312,3.73636,9.29359,,,
1540978592.6304617,3.73613,9.29359,,,
1540978592.714705,3.73613,9.29385,0,0,0
1540978592.8147008,3.73613,9.29385,,,
1540978592.9176345,3.73613,9.29385,,,
1540978593.025221,3.7359,9.29463,,,
1540978593.1141946,3.7359,9.29463,,,
1540978593.2135916,3.7359,9.29463,,,
1540978593.3134627,3.73575,9.29463,,,
1540978593.415564,3.73575,9.29539,,,
1540978593.513128,3.73575,9.29539,,,
1540978593.614824,3.73575,9.29539,,,
1540978593.7155693,3.73544,9.29591,0,0,0
1540978593.8305666,3.73544,9.29591,,,
1540978593.9314284,3.73544,9.29591,,,
1540978594.015532,3.73521,9.29669,,,
1540978594.115108,3.73521,9.29669,,,
1540978594.2218146,3.73521,9.29669,,,
1540978594.3265445,3.73499,9.29669,,,
1540978594.4207633,3.73499,9.29694,,,
1540978594.5145822,3.73499,9.29694,,,
1540978594.616651,3.73499,9.29694,,,
1540978594.7169783,3.73477,9.29745,0,0,0
1540978594.8183172,3.73477,9.29745,,,
1540978594.9279149,3.73477,9.29745,,,
1540978595.0202844,3.73454,9.29823,,,
1540978595.1353614,3.73454,9.29823,,,
1540978595.2463665,3.73454,9.29823,,,
1540978595.3469286,3.73431,9.29823,,,
1540978595.4296083,3.73431,9.29849,,,
1540978595.5314343,3.73431,9.29849,,,
1540978595.632068,3.73409,9.29849,,,
1540978595.72194,3.73409,9.299,0,0,0
1540978595.8218384,3.73409,9.299,,,
1540978595.9223914,3.73409,9.299,,,
1540978596.0252934,3.73386,9.29951,,,
1540978596.12339,3.73386,9.29951,,,
1540978596.221816,3.73386,9.29951,,,
1540978596.3215551,3.7337,9.29951,,,
1540978596.4366987,3.7337,9.30003,,,
1540978596.5436726,3.7337,9.30003,,,
1540978596.6314828,3.7334,9.30003,,,
1540978596.7308426,3.7334,9.3008,0,0,0
1540978596.838748,3.7334,9.3008,,,
1540978596.9403772,3.7334,9.3008,,,
1540978597.0257218,3.73317,9.30157,,,
1540978597.125196,3.73317,9.30157,,,
1540978597.2361994,3.73317,9.30157,,,
1540978597.3357408,3.73303,9.30157,,,
1540978597.426079,3.73303,9.30183,,,
1540978597.5254695,3.73303,9.30183,,,
1540978597.6290867,3.73303,9.30183,,,
1540978597.7354653,3.73273,9.30234,0,0,0
1540978597.8266013,3.73273,9.30234,,,
1540978597.926446,3.73273,9.30234,,,
1540978598.0255847,3.7325,9.30286,,,
1540978598.1291335,3.7325,9.30286,,,
1540978598.225456,3.7325,9.30286,,,
1540978598.3265634,3.73227,9.30286,,,
1540978598.4265616,3.73227,9.30389,,,
1540978598.5428963,3.73227,9.30389,,,
1540978598.6428533,3.73204,9.30389,,,
1540978598.730641,3.73204,9.30466,0,0,0
1540978598.8275363,3.73204,9.30466,,,
1540978598.9386504,3.73204,9.30466,,,
1540978599.0444398,3.73181,9.30544,,,
1540978599.1303813,3.73181,9.30544,,,
1540978599.2282224,3.73181,9.30544,,,
1540978599.3285062,3.73158,9.30544,,,
1540978599.4291425,3.73158,9.30594,,,
1540978599.525559,3.73158,9.30594,,,
1540978599.6268759,3.73158,9.30594,,,
1540978599.7259424,3.73135,9.30594,0,0,0
1540978599.8231235,3.73135,9.30594,,,
1540978599.926165,3.73135,9.30594,,,
1540978600.025723,3.73114,9.30594,,,
1540978600.1268601,3.73114,9.30672,,,
1540978600.2386088,3.73114,9.30672,,,
1540978600.3415353,3.73091,9.30672,,,
1540978600.4304972,3.73091,9.30724,,,
1540978600.5273721,3.73091,9.30724,,,
1540978600.6291318,3.73091,9.30724,,,
1540978600.7302577,3.73068,9.30775,0,0,0
1540978600.8282359,3.73068,9.30775,,,
1540978600.9262824,3.73068,9.30775,,,
1540978601.026592,3.73045,9.30775,,,
1540978601.1492693,3.73045,9.30826,,,
1540978601.2526915,3.73045,9.30826,,,
1540978601.3336322,3.73022,9.30826,,,
1540978601.43046,3.73022,9.30878,,,
1540978601.5434139,3.73022,9.30878,,,
1540978601.6491177,3.73022,9.30878,,,
1540978601.7345698,3.73,9.30956,0,0,0
1540978601.832837,3.73,9.30956,,,
1540978601.9411905,3.73,9.30956,,,
1540978602.0422013,3.72977,9.30956,,,
1540978602.131823,3.72977,9.31032,,,
1540978602.231802,3.72977,9.31032,,,
1540978602.3316004,3.72954,9.31032,,,
1540978602.4327369,3.72954,9.31084,,,
1540978602.5276642,3.72954,9.31084,,,
1540978602.6300597,3.72954,9.31084,,,
1540978602.7304595,3.72931,9.3111,0,0,0
1540978602.847919,3.72931,9.3111,,,
1540978602.948023,3.72931,9.3111,,,
1540978603.0299675,3.7291,9.3111,,,
1540978603.1298256,3.7291,9.3116,,,
1540978603.238535,3.7291,9.3116,,,
1540978603.3415313,3.72887,9.3116,,,
1540978603.4289792,3.72887,9.31212,,,
1540978603.530028,3.72887,9.31212,,,
1540978603.633396,3.72887,9.31212,,,
1540978603.7335198,3.72864,9.3129,0,0,0
1540978603.827131,3.72864,9.3129,,,
1540978603.9332764,3.72864,9.3129,,,
1540978604.0305011,3.72841,9.3129,,,
1540978604.1478934,3.72841,9.31316,,,
1540978604.2517455,3.72841,9.31316,,,
1540978604.33979,3.72818,9.31316,,,
1540978604.4361413,3.72818,9.31366,,,
1540978604.5389023,3.72818,9.31366,,,
1540978604.6482155,3.72818,9.31366,,,
1540978604.7418756,3.72795,9.31444,0,0,0
1540978604.8380384,3.72795,9.31444,,,
1540978604.9331973,3.72795,9.31444,,,
1540978605.0370054,3.72772,9.31444,,,
1540978605.1341026,3.72772,9.3152,,,
1540978605.2344892,3.72772,9.3152,,,
1540978605.3342357,3.72772,9.3152,,,
1540978605.456547,3.72749,9.31598,,,
1540978605.5571554,3.72749,9.31598,,,
1540978605.6391218,3.72749,9.31598,,,
1540978605.7372534,3.72728,9.31624,0,0,0
1540978605.8452432,3.72728,9.31624,,,
1540978605.9527712,3.72728,9.31624,,,
1540978606.041034,3.72697,9.31624,,,
1540978606.1381812,3.72697,9.31676,,,
1540978606.237782,3.72697,9.31676,,,
1540978606.3391664,3.72675,9.31676,,,
1540978606.4390278,3.72675,9.31752,,,
1540978606.53593,3.72675,9.31752,,,
1540978606.6347141,3.72675,9.31752,,,
1540978606.7354681,3.72659,9.31804,0,0,0
1540978606.8380966,3.72659,9.31804,,,
1540978606.936609,3.72659,9.31804,,,
1540978607.0386465,3.72636,9.31804,,,
1540978607.1479511,3.72636,9.3183,,,
1540978607.2484024,3.72636,9.3183,,,
1540978607.3337233,3.72636,9.3183,,,
1540978607.4291613,3.72606,9.3188,,,
1540978607.5371027,3.72606,9.3188,,,
1540978607.6499794,3.72606,9.3188,,,
1540978607.7319791,3.72583,9.31932,0,0,0
1540978607.8322556,3.72583,9.31932,,,
1540978607.9395084,3.72583,9.31932,,,
1540978608.036741,3.7256,9.31932,,,
1540978608.1720142,3.7256,9.32036,,,
1540978608.2357054,3.7256,9.32036,,,
1540978608.331623,3.7256,9.32036,,,
1540978608.4553733,3.72537,9.32112,,,
1540978608.5333636,3.72537,9.32112,,,
1540978608.634623,3.72537,9.32112,,,
1540978608.7454708,3.72516,9.3219,0,0,0
1540978608.8545368,3.72516,9.3219,,,
1540978608.9686394,3.72516,9.3219,,,
1540978609.0441031,3.72493,9.3219,,,
1540978609.143503,3.72493,9.3224,,,
1540978609.2473366,3.72493,9.3224,,,
1540978609.345745,3.72493,9.3224,,,
1540978609.4481063,3.7247,9.32266,,,
1540978609.5365078,3.7247,9.32266,,,
1540978609.64175,3.7247,9.32266,,,
1540978609.738105,3.7244,9.32344,0,0,0
1540978609.8649952,3.7244,9.32344,,,
1540978609.9446015,3.7244,9.32344,,,
1540978610.043479,3.72417,9.32344,,,
1540978610.1533496,3.72417,9.32396,,,
1540978610.2537122,3.72417,9.32396,,,
1540978610.3424911,3.72417,9.32396,,,
1540978610.441363,3.72394,9.32498,,,
1540978610.546271,3.72394,9.32498,,,
1540978610.6485662,3.72394,9.32498,,,
1540978610.7449837,3.72371,9.32498,0,0,0
1540978610.8424857,3.72371,9.3255,,,
1540978610.9417336,3.72371,9.3255,,,
1540978611.0410895,3.72348,9.3255,,,
1540978611.1452308,3.72348,9.32576,,,
1540978611.2444897,3.72348,9.32576,,,
1540978611.3446295,3.72348,9.32576,,,
1540978611.4572155,3.72327,9.32626,,,
1540978611.5624335,3.72327,9.32626,,,
1540978611.652557,3.72327,9.32626,,,
1540978611.7479002,3.72304,9.32626,0,0,0
1540978611.8569162,3.72304,9.32704,,,
1540978611.9589787,3.72304,9.32704,,,
1540978612.0533676,3.72281,9.32704,,,
1540978612.1492558,3.72281,9.32756,,,
1540978612.2567594,3.72281,9.32756,,,
1540978612.3618863,3.72281,9.32756,,,
1540978612.451191,3.72258,9.3278,,,
1540978612.5496306,3.72258,9.3278,,,
1540978612.6504793,3.72258,9.3278,,,
1540978612.7503161,3.72227,9.3278,0,0,0
1540978612.8500392,3.72227,9.32832,,,
1540978612.9501147,3.72227,9.32832,,,
1540978613.0509746,3.72205,9.32832,,,
1540978613.1670797,3.72205,9.32936,,,
1540978613.2695928,3.72205,9.32936,,,
1540978613.3570704,3.72205,9.32936,,,
1540978613.4504046,3.72182,9.33012,,,
1540978613.5664616,3.72182,9.33012,,,
1540978613.670232,3.72182,9.33012,,,
1540978613.754152,3.72159,9.33012,0,0,0
1540978613.8498688,3.72159,9.33038,,,
1540978613.9583688,3.72159,9.33038,,,
1540978614.0649455,3.72137,9.33038,,,
1540978614.1486468,3.72137,9.3309,,,
1540978614.2518497,3.72137,9.3309,,,
1540978614.3524656,3.72137,9.3309,,,
1540978614.4534583,3.72115,9.33141,,,
1540978614.5473595,3.72115,9.33141,,,
1540978614.6524289,3.72115,9.33141,,,
1540978614.7507956,3.72092,9.33141,0,0,0
1540978614.8703213,3.72092,9.33218,,,
1540978614.9708483,3.72092,9.33218,,,
1540978615.0547254,3.72061,9.33218,,,
1540978615.1533272,3.72061,9.33296,,,
1540978615.2593455,3.72061,9.33296,,,
1540978615.365816,3.72061,9.33296,,,
1540978615.4547086,3.72038,9.33347,,,
1540978615.5546062,3.72038,9.33347,,,
1540978615.658661,3.72038,9.33347,,,
1540978615.76434,3.72015,9.33347,0,0,0
1540978615.8552206,3.72015,9.33398,,,
1540978615.9547353,3.72015,9.33398,,,
1540978616.0567098,3.71992,9.33398,,,
1540978616.1556306,3.71992,9.3345,,,
1540978616.2521212,3.71992,9.3345,,,
1540978616.3547843,3.71992,9.3345,,,
1540978616.4546726,3.7197,9.33527,,,
1540978616.5740786,3.7197,9.33527,,,
1540978616.6757984,3.7197,9.33527,,,
1540978616.7578535,3.71948,9.33527,0,0,0
1540978616.8561065,3.71948,9.33578,,,
1540978616.963311,3.71948,9.33578,,,
1540978617.0681458,3.71918,9.33578,,,
1540978617.1547225,3.71918,9.33604,,,
1540978617.256562,3.71918,9.33604,,,
1540978617.356031,3.71918,9.33604,,,
1540978617.4564452,3.71895,9.33681,,,
1540978617.5532217,3.71895,9.33681,,,
1540978617.6569886,3.71895,9.33681,,,
1540978617.7583904,3.71872,9.33681,0,0,0
1540978617.8732855,3.71872,9.33759,,,
1540978617.9766867,3.71872,9.33759,,,
1540978618.0647995,3.71872,9.33759,,,
1540978618.1606867,3.71849,9.33836,,,
1540978618.2627907,3.71849,9.33836,,,
1540978618.3718085,3.71849,9.33836,,,
1540978618.464353,3.71819,9.33939,,,
1540978618.55732,3.71819,9.33939,,,
1540978618.667296,3.71819,9.33939,,,
1540978618.771161,3.71796,9.33939,0,0,0
1540978618.8627884,3.71796,9.3399,,,
1540978618.9608066,3.71796,9.3399,,,
1540978619.064922,3.71796,9.3399,,,
1540978619.164776,3.71773,9.34016,,,
1540978619.262187,3.71773,9.34016,,,
1540978619.3610847,3.71773,9.34016,,,
1540978619.461171,3.71751,9.34067,,,
1540978619.5590286,3.71751,9.34067,,,
1540978619.6581185,3.71751,9.34067,,,
1540978619.7616818,3.71729,9.34067,0,0,0
1540978619.8631747,3.71729,9.34171,,,
1540978619.9757707,3.71729,9.34171,,,
1540978620.079529,3.71698,9.34171,,,
1540978620.1681561,3.71698,9.34247,,,
1540978620.2646346,3.71698,9.34247,,,
1540978620.3744006,3.71698,9.34247,,,
1540978620.478642,3.71675,9.34299,,,
1540978620.5641406,3.71675,9.34299,,,
1540978620.6639242,3.71675,9.34299,,,
1540978620.7688582,3.71652,9.34299,0,0,0
1540978620.875275,3.71652,9.34325,,,
1540978620.9662592,3.71652,9.34325,,,
1540978621.066143,3.71652,9.34325,,,
1540978621.1699271,3.71629,9.34377,,,
1540978621.2757645,3.71629,9.34377,,,
1540978621.3657966,3.71629,9.34377,,,
1540978621.4677043,3.71606,9.34453,,,
1540978621.5695646,3.71606,9.34453,,,
1540978621.6702964,3.71606,9.34453,,,
1540978621.7675326,3.71576,9.34453,0,0,0
1540978621.8684957,3.71576,9.34505,,,
1540978621.9670885,3.71576,9.34505,,,
1540978622.0677328,3.71576,9.34505,,,
1540978622.166641,3.71555,9.34557,,,
1540978622.2646248,3.71555,9.34557,,,
1540978622.3683064,3.71555,9.34557,,,
1540978622.4788475,3.71532,9.34607,,,
1540978622.5830078,3.71532,9.34607,,,
1540978622.668297,3.71532,9.34607,,,
1540978622.768828,3.71501,9.34607,0,0,0
1540978622.8731713,3.71501,9.34685,,,
1540978622.9784892,3.71501,9.34685,,,
1540978623.0677683,3.71501,9.34685,,,
1540978623.1709118,3.71478,9.34787,,,
1540978623.2736676,3.71478,9.34787,,,
1540978623.381396,3.71478,9.34787,,,
1540978623.4706175,3.71455,9.34787,,,
1540978623.5712516,3.71455,9.34813,,,
1540978623.6716325,3.71455,9.34813,,,
1540978623.7722611,3.71432,9.34813,0,0,0
1540978623.867336,3.71432,9.34865,,,
1540978623.9666305,3.71432,9.34865,,,
1540978624.0722437,3.71432,9.34865,,,
1540978624.1866345,3.7141,9.34941,,,
1540978624.2690392,3.7141,9.34941,,,
1540978624.369924,3.7141,9.34941,,,
1540978624.4725206,3.71381,9.34941,,,
1540978624.577134,3.71381,9.35019,,,
1540978624.6832407,3.71381,9.35019,,,
1540978624.7733564,3.71358,9.35019,0,0,0
1540978624.8728535,3.71358,9.35097,,,
1540978624.9753625,3.71358,9.35097,,,
1540978625.075789,3.71358,9.35097,,,
1540978625.1670487,3.71335,9.35121,,,
1540978625.2696335,3.71335,9.35121,,,
1540978625.3729503,3.71335,9.35121,,,
1540978625.4761052,3.71312,9.35121,,,
1540978625.5709834,3.71312,9.35173,,,
1540978625.6717842,3.71312,9.35173,,,
1540978625.7732496,3.71281,9.35173,0,0,0
1540978625.8887575,3.71281,9.35251,,,
1540978625.992938,3.71281,9.35251,,,
1540978626.07953,3.71281,9.35251,,,
1540978626.1793823,3.71259,9.35301,,,
1540978626.288139,3.71259,9.35301,,,
1540978626.389737,3.71259,9.35301,,,
1540978626.4756837,3.71236,9.35301,,,
1540978626.574583,3.71236,9.35353,,,
1540978626.680192,3.71236,9.35353,,,
1540978626.7790475,3.71205,9.35353,0,0,0
1540978626.8782895,3.71205,9.35405,,,
1540978626.9760313,3.71205,9.35405,,,
1540978627.0797508,3.71205,9.35405,,,
1540978627.1937747,3.71184,9.35481,,,
1540978627.294329,3.71184,9.35481,,,
1540978627.3803272,3.71184,9.35481,,,
1540978627.4801583,3.71161,9.35481,,,
1540978627.588206,3.71161,9.35559,,,
1540978627.6912491,3.71161,9.35559,,,
1540978627.7780259,3.71161,9.35559,0,0,0
1540978627.8754432,3.71138,9.35637,,,
1540978627.9813313,3.71138,9.35637,,,
1540978628.0821192,3.71138,9.35637,,,
1540978628.1797352,3.71107,9.35739,,,
1540978628.2787979,3.71107,9.35739,,,
1540978628.3816526,3.71107,9.35739,,,
1540978628.4815855,3.71085,9.35739,,,
1540978628.5985706,3.71085,9.35817,,,
1540978628.6820183,3.71085,9.35817,,,
1540978628.7818496,3.71085,9.35817,0,0,0
1540978628.8918939,3.71054,9.35841,,,
1540978628.9926198,3.71054,9.35841,,,
1540978629.0781596,3.71054,9.35841,,,
1540978629.1813624,3.71031,9.35893,,,
1540978629.2871761,3.71031,9.35893,,,
1540978629.392511,3.71031,9.35893,,,
1540978629.4812038,3.71008,9.35893,,,
1540978629.5799608,3.71008,9.35971,,,
1540978629.6834345,3.71008,9.35971,,,
1540978629.784317,3.71008,9.35971,0,0,0
1540978629.8822248,3.70979,9.36047,,,
1540978629.9802878,3.70979,9.36047,,,
1540978630.0828326,3.70979,9.36047,,,
1540978630.1994412,3.70956,9.36073,,,
1540978630.2987013,3.70956,9.36073,,,
1540978630.3831546,3.70956,9.36073,,,
1540978630.4848456,3.70934,9.36073,,,
1540978630.591661,3.70934,9.36125,,,
1540978630.6912127,3.70934,9.36125,,,
1540978630.7759562,3.70934,9.36125,0,0,0
1540978630.8828776,3.70903,9.36227,,,
1540978630.980578,3.70903,9.36227,,,
1540978631.0852065,3.70903,9.36227,,,
1540978631.1797187,3.7088,9.36305,,,
1540978631.2788126,3.7088,9.36305,,,
1540978631.3808007,3.7088,9.36305,,,
1540978631.5010762,3.70857,9.36305,,,
1540978631.6009865,3.70857,9.36357,,,
1540978631.681602,3.70857,9.36357,,,
1540978631.7818472,3.70857,9.36357,0,0,0
1540978631.8901055,3.70834,9.36382,,,
1540978631.9929373,3.70834,9.36382,,,
1540978632.078143,3.70834,9.36382,,,
1540978632.1776948,3.70805,9.36459,,,
1540978632.2937355,3.70805,9.36459,,,
1540978632.3866909,3.70805,9.36459,,,
1540978632.4819548,3.70782,9.36459,,,
1540978632.5810938,3.70782,9.36537,,,
1540978632.6939416,3.70782,9.36537,,,
1540978632.7898986,3.70782,9.36537,0,0,0
1540978632.8898118,3.7076,9.36562,,,
1540978632.984992,3.7076,9.36562,,,
1540978633.0880153,3.7076,9.36562,,,
1540978633.2005448,3.70729,9.36613,,,
1540978633.3051655,3.70729,9.36613,,,
1540978633.3881745,3.70729,9.36613,,,
1540978633.4899416,3.70706,9.36613,,,
1540978633.5990715,3.70706,9.36691,,,
1540978633.6979523,3.70706,9.36691,,,
1540978633.7884371,3.70706,9.36691,0,0,0
1540978633.8883727,3.70676,9.36794,,,
1540978633.9909005,3.70676,9.36794,,,
1540978634.088575,3.70676,9.36794,,,
1540978634.1875322,3.70653,9.36794,,,
1540978634.288747,3.70653,9.36845,,,
1540978634.3903613,3.70653,9.36845,,,
1540978634.507138,3.7063,9.36845,,,
1540978634.6100142,3.7063,9.36897,,,
1540978634.6951687,3.7063,9.36897,,,
1540978634.7917905,3.7063,9.36897,0,0,0
1540978634.903186,3.70601,9.36948,,,
1540978635.0056076,3.70601,9.36948,,,
1540978635.0899708,3.70601,9.36948,,,
1540978635.1918721,3.70578,9.36948,,,
1540978635.2991192,3.70578,9.37025,,,
1540978635.4037142,3.70578,9.37025,,,
1540978635.4964895,3.70555,9.37025,,,
1540978635.5946069,3.70555,9.37077,,,
1540978635.6922395,3.70555,9.37077,,,
1540978635.7946644,3.70555,9.37077,0,0,0
1540978635.8914113,3.70525,9.37102,,,
1540978635.9919972,3.70525,9.37102,,,
1540978636.0937264,3.70525,9.37102,,,
1540978636.2085395,3.70502,9.3718,,,
1540978636.3079047,3.70502,9.3718,,,
1540978636.3975773,3.70502,9.3718,,,
1540978636.4954598,3.70471,9.3718,,,
1540978636.5998871,3.70471,9.37257,,,
1540978636.7033753,3.70471,9.37257,,,
1540978636.7936609,3.70471,9.37257,0,0,0
1540978636.8914998,3.70448,9.3736,,,
1540978636.9955978,3.70448,9.3736,,,
1540978637.0948482,3.70448,9.3736,,,
1540978637.1905742,3.70425,9.3736,,,
1540978637.2927184,3.70425,9.37437,,,
1540978637.3950348,3.70425,9.37437,,,
1540978637.5147986,3.70396,9.37437,,,
1540978637.6165574,3.70396,9.3754,,,
1540978637.6983292,3.70396,9.3754,0,0,0
1540978637.79216,3.70396,9.3754,,,
1540978637.9063003,3.70374,9.37592,,,
1540978638.0101373,3.70374,9.37592,,,
1540978638.0944939,3.70374,9.37592,,,
1540978638.1926792,3.70343,9.37592,,,
1540978638.3005435,3.70343,9.37617,,,
1540978638.4031568,3.70343,9.37617,,,
1540978638.4924955,3.70343,9.37617,,,
1540978638.5922735,3.7032,9.37694,,,
1540978638.6934915,3.7032,9.37694,,,
1540978638.796136,3.7032,9.37694,0,0,0
1540978638.8955343,3.70297,9.37772,,,
1540978638.9936366,3.70297,9.37772,,,
1540978639.0935912,3.70297,9.37772,,,
1540978639.2124417,3.70267,9.37874,,,
1540978639.3182216,3.70267,9.37874,,,
1540978639.3985174,3.70267,9.37874,,,
1540978639.494528,3.70267,9.37874,,,
1540978639.6059217,3.70244,9.379,,,
1540978639.7056816,3.70244,9.379,,,
1540978639.7950048,3.70244,9.379,0,0,0
1540978639.8952935,3.70215,9.37952,,,
1540978640.0014167,3.70215,9.37952,,,
1540978640.108329,3.70215,9.37952,,,
1540978640.1977944,3.70192,9.37952,,,
1540978640.2951643,3.70192,9.38028,,,
1540978640.4022734,3.70192,9.38028,,,
1540978640.509673,3.70169,9.38028,,,
1540978640.59724,3.70169,9.3808,,,
1540978640.6960607,3.70169,9.3808,,,
1540978640.8017771,3.70169,9.3808,0,0,0
1540978640.9029388,3.70139,9.38132,,,
1540978640.9965143,3.70139,9.38132,,,
1540978641.0941358,3.70139,9.38132,,,
1540978641.1960607,3.70116,9.38132,,,
1540978641.295109,3.70116,9.38184,,,
1540978641.3979447,3.70116,9.38184,,,
1540978641.4947376,3.70116,9.38184,,,
1540978641.5982132,3.70093,9.38286,,,
1540978641.7133412,3.70093,9.38286,,,
1540978641.8170042,3.70093,9.38286,0,0,0
1540978641.8973598,3.70062,9.38364,,,
1540978641.9989967,3.70062,9.38364,,,
1540978642.1070077,3.70062,9.38364,,,
1540978642.212377,3.70033,9.38364,,,
1540978642.3016298,3.70033,9.38414,,,
1540978642.398641,3.70033,9.38414,,,
1540978642.4976714,3.70033,9.38414,,,
1540978642.6020613,3.7001,9.38466,,,
1540978642.6965296,3.7001,9.38466,,,
1540978642.799077,3.7001,9.38466,0,0,0
1540978642.907041,3.69987,9.38518,,,
1540978643.0183048,3.69987,9.38518,,,
1540978643.1194808,3.69987,9.38518,,,
1540978643.2024918,3.69957,9.38518,,,
1540978643.3020642,3.69957,9.3862,,,
1540978643.4079542,3.69957,9.3862,,,
1540978643.5072954,3.69957,9.3862,,,
1540978643.6006234,3.69934,9.38646,,,
1540978643.7018745,3.69934,9.38646,,,
1540978643.803509,3.69934,9.38646,0,0,0
1540978643.9031703,3.69904,9.38698,,,
1540978644.000501,3.69904,9.38698,,,
1540978644.1036425,3.69904,9.38698,,,
1540978644.203752,3.69881,9.38698,,,
1540978644.3163471,3.69881,9.38774,,,
1540978644.4226575,3.69881,9.38774,,,
1540978644.5101454,3.69881,9.38774,,,
1540978644.6052256,3.6985,9.38878,,,
1540978644.7138605,3.6985,9.38878,,,
1540978644.8176162,3.6985,9.38878,0,0,0
1540978644.906173,3.69829,9.38928,,,
1540978645.0057242,3.69829,9.38928,,,
1540978645.1118863,3.69829,9.38928,,,
1540978645.219298,3.69806,9.38928,,,
1540978645.3089762,3.69806,9.3898,,,
1540978645.4063795,3.69806,9.3898,,,
1540978645.5121992,3.69806,9.3898,,,
1540978645.6127605,3.69775,9.39108,,,
1540978645.705717,3.69775,9.39108,,,
1540978645.8074675,3.69775,9.39108,0,0,0
1540978645.9072313,3.69745,9.39108,,,
1540978646.0148375,3.69745,9.3916,,,
1540978646.1131997,3.69745,9.3916,,,
1540978646.2082384,3.69722,9.3916,,,
1540978646.3084342,3.69722,9.39212,,,
1540978646.4259958,3.69722,9.39212,,,
1540978646.505198,3.69722,9.39212,,,
1540978646.6059906,3.69691,9.39314,,,
1540978646.7088077,3.69691,9.39314,,,
1540978646.8161306,3.69691,9.39314,0,0,0
1540978646.922493,3.69669,9.39314,,,
1540978647.0092509,3.69669,9.39392,,,
1540978647.1091847,3.69669,9.39392,,,
1540978647.2105756,3.6964,9.39392,,,
1540978647.3126287,3.6964,9.39444,,,
1540978647.409194,3.6964,9.39444,,,
1540978647.5092847,3.6964,9.39444,,,
1540978647.6100655,3.69617,9.39494,,,
1540978647.728076,3.69617,9.39494,,,
1540978647.8130493,3.69617,9.39494,0,0,0
1540978647.9075725,3.69586,9.39494,,,
1540978648.0126734,3.69586,9.39572,,,
1540978648.1208804,3.69586,9.39572,,,
1540978648.2244582,3.69563,9.39572,,,
1540978648.3112278,3.69563,9.39624,,,
1540978648.409162,3.69563,9.39624,,,
1540978648.5099442,3.69563,9.39624,,,
1540978648.6155536,3.69533,9.39674,,,
1540978648.709669,3.69533,9.39674,0,0,0
1540978648.8096068,3.69533,9.39674,,,
1540978648.9094832,3.6951,9.39674,,,
1540978649.0294604,3.6951,9.39726,,,
1540978649.1324432,3.6951,9.39726,,,
1540978649.2121136,3.69479,9.39726,,,
1540978649.3144493,3.69479,9.39828,,,
1540978649.4215543,3.69479,9.39828,,,
1540978649.5277843,3.69479,9.39828,,,
1540978649.6198115,3.69458,9.39906,,,
1540978649.7145424,3.69458,9.39906,0,0,0
1540978649.8153315,3.69458,9.39906,,,
1540978649.9160364,3.69427,9.39906,,,
1540978650.020848,3.69427,9.39958,,,
1540978650.1188967,3.69427,9.39958,,,
1540978650.219823,3.69427,9.39958,,,
1540978650.334725,3.69405,9.40009,,,
1540978650.437802,3.69405,9.40009,,,
1540978650.52384,3.69405,9.40009,,,
1540978650.6218212,3.69374,9.4006,,,
1540978650.7282658,3.69374,9.4006,0,0,0
1540978650.8328326,3.69374,9.4006,,,
1540978650.9247313,3.69351,9.4006,,,
1540978651.019906,3.69351,9.40164,,,
1540978651.130144,3.69351,9.40164,,,
1540978651.2344036,3.69321,9.40164,,,
1540978651.3272383,3.69321,9.4024,,,
1540978651.421073,3.69321,9.4024,,,
1540978651.5211627,3.69321,9.4024,,,
1540978651.6251268,3.69298,9.40292,,,
1540978651.7223203,3.69298,9.40292,0,0,0
1540978651.8223853,3.69298,9.40292,,,
1540978651.9236019,3.69275,9.40292,,,
1540978652.0402117,3.69275,9.40344,,,
1540978652.1453903,3.69275,9.40344,,,
1540978652.227975,3.69246,9.40344,,,
1540978652.3368316,3.69246,9.40421,,,
1540978652.4381921,3.69246,9.40421,,,
1540978652.5429125,3.69246,9.40421,,,
1540978652.6389356,3.69223,9.40472,,,
1540978652.7365944,3.69223,9.40472,0,0,0
1540978652.8330288,3.69223,9.40472,,,
1540978652.9347367,3.69193,9.40472,,,
1540978653.0315406,3.69193,9.40498,,,
1540978653.1332731,3.69193,9.40498,,,
1540978653.232872,3.69193,9.40498,,,
1540978653.3478498,3.6917,9.40575,,,
1540978653.4488032,3.6917,9.40575,,,
1540978653.535298,3.6917,9.40575,,,
1540978653.6332753,3.69139,9.40678,,,
1540978653.7439046,3.69139,9.40678,0,0,0
1540978653.8509955,3.69139,9.40678,,,
1540978653.9376626,3.69109,9.40678,,,
1540978654.0328138,3.69109,9.40781,,,
1540978654.1382093,3.69109,9.40781,,,
1540978654.2436883,3.69086,9.40781,,,
1540978654.340749,3.69086,9.40858,,,
1540978654.4369442,3.69086,9.40858,,,
1540978654.5358794,3.69086,9.40858,,,
1540978654.6363292,3.69057,9.40961,,,
1540978654.7327442,3.69057,9.40961,0,0,0
1540978654.8346055,3.69057,9.40961,,,
1540978654.934577,3.69034,9.40961,,,
1540978655.0551763,3.69034,9.41013,,,
1540978655.1271405,3.69034,9.41013,,,
1540978655.2371933,3.69034,9.41013,,,
1540978655.3438084,3.69003,9.41039,,,
1540978655.4457674,3.69003,9.41039,,,
1540978655.5490634,3.69003,9.41039,,,
1540978655.6365383,3.6898,9.41141,,,
1540978655.735484,3.6898,9.41141,0,0,0
1540978655.8459263,3.6898,9.41141,,,
1540978655.9417014,3.6895,9.41141,,,
1540978656.0370517,3.6895,9.41193,,,
1540978656.1356556,3.6895,9.41193,,,
1540978656.2366378,3.6895,9.41193,,,
1540978656.3867645,3.68927,9.41245,,,
1540978656.4620936,3.68927,9.41245,,,
1540978656.5570264,3.68927,9.41245,,,
1540978656.6514356,3.68896,9.41295,,,
1540978656.7496204,3.68896,9.41295,0,0,0
1540978656.8483324,3.68896,9.41295,,,
1540978656.9414058,3.68867,9.41295,,,
1540978657.0504172,3.68867,9.41399,,,
1540978657.1488988,3.68867,9.41399,,,
1540978657.2696798,3.68845,9.41399,,,
1540978657.3669496,3.68845,9.41475,,,
1540978657.4560347,3.68845,9.41475,,,
1540978657.5519884,3.68845,9.41475,,,
1540978657.6620722,3.68814,9.41527,,,
1540978657.767127,3.68814,9.41527,0,0,0
1540978657.8537867,3.68814,9.41527,,,
1540978657.9473562,3.68784,9.41527,,,
1540978658.063676,3.68784,9.41579,,,
1540978658.166682,3.68784,9.41579,,,
1540978658.2550907,3.68784,9.41579,,,
1540978658.3485308,3.68761,9.41655,,,
1540978658.4581554,3.68761,9.41655,,,
1540978658.563299,3.68761,9.41655,,,
1540978658.6530302,3.6873,9.41759,,,
1540978658.7534215,3.6873,9.41759,0,0,0
1540978658.8528345,3.6873,9.41759,,,
1540978658.955144,3.687,9.41759,,,
1540978659.048529,3.687,9.41809,,,
1540978659.161594,3.687,9.41809,,,
1540978659.2599862,3.687,9.41809,,,
1540978659.3746002,3.68678,9.41861,,,
1540978659.4803345,3.68678,9.41861,,,
1540978659.560162,3.68678,9.41861,,,
1540978659.65282,3.68655,9.41939,,,
1540978659.7672772,3.68655,9.41939,0,0,0
1540978659.8696654,3.68655,9.41939,,,
1540978659.9563046,3.68625,9.41939,,,
1540978660.052632,3.68625,9.42015,,,
1540978660.1613808,3.68625,9.42015,,,
1540978660.2687,3.68594,9.42015,,,
1540978660.3584046,3.68594,9.42041,,,
1540978660.4583657,3.68594,9.42041,,,
1540978660.5575044,3.68594,9.42041,,,
1540978660.6582463,3.68564,9.42119,,,
1540978660.7513874,3.68564,9.42119,0,0,0
1540978660.8569794,3.68564,9.42119,,,
1540978660.9534311,3.68541,9.42119,,,
1540978661.0758839,3.68541,9.42195,,,
1540978661.178725,3.68541,9.42195,,,
1540978661.2590287,3.68541,9.42195,,,
1540978661.3544557,3.6851,9.42299,,,
1540978661.466067,3.6851,9.42299,,,
1540978661.5712452,3.6851,9.42299,,,
1540978661.6584327,3.68489,9.42349,,,
1540978661.7544072,3.68489,9.42349,0,0,0
1540978661.8621233,3.68489,9.42349,,,
1540978661.9718363,3.68459,9.42349,,,
1540978662.0613651,3.68459,9.42375,,,
1540978662.1646163,3.68459,9.42375,,,
1540978662.2666938,3.68459,9.42375,,,
1540978662.3660889,3.68436,9.42479,,,
1540978662.4592273,3.68436,9.42479,,,
1540978662.5615854,3.68436,9.42479,,,
1540978662.6597004,3.68405,9.42555,,,
1540978662.7618697,3.68405,9.42555,0,0,0
1540978662.858719,3.68405,9.42555,,,
1540978662.9602182,3.68375,9.42555,,,
1540978663.0599136,3.68375,9.42659,,,
1540978663.1741745,3.68375,9.42659,,,
1540978663.2806606,3.68344,9.42659,,,
1540978663.3652341,3.68344,9.42761,,,
1540978663.4611747,3.68344,9.42761,,,
1540978663.574356,3.68344,9.42761,,,
1540978663.6548078,3.68321,9.42761,,,
1540978663.7647514,3.68321,9.42839,0,0,0
1540978663.8673627,3.68321,9.42839,,,
1540978663.976237,3.68292,9.42839,,,
1540978664.0813627,3.68292,9.42865,,,
1540978664.166845,3.68292,9.42865,,,
1540978664.2629044,3.68292,9.42865,,,
1540978664.3707125,3.68269,9.42941,,,
1540978664.4711995,3.68269,9.42941,,,
1540978664.5634944,3.68269,9.42941,,,
1540978664.6629126,3.68239,9.42941,,,
1540978664.8405528,3.68239,9.43019,,,
1540978664.9964416,3.63213,9.43019,,,
1540978665.155688,3.63213,11.8263,,,
1540978665.3082306,3.61305,11.8263,,,
1540978665.4684634,3.61305,12.379,,,
1540978665.6716638,3.61086,12.379,,,
1540978665.8291469,3.61086,12.3868,,,
1540978665.9858646,3.60904,12.3868,,,
1540978666.1412005,3.60904,12.3927,,,
1540978666.2945468,3.60745,12.3927,,,
1540978666.3794427,3.60745,12.3983,0,0,0
1540978666.5070088,3.60745,12.3983,0,0,0
1540978666.5930629,3.60745,12.3983,,,
1540978666.6931012,3.66498,12.3983,,,
1540978666.7828674,3.66498,9.62183,0,0,0
1540978666.877812,3.66498,9.62183,,,
1540978666.9806447,3.67406,9.62183,,,
1540978667.0895305,3.67406,9.45128,,,
1540978667.1840796,3.67406,9.45128,,,
1540978667.279958,3.67406,9.45128,,,
1540978667.3843224,3.67467,9.45,,,
1540978667.4842901,3.67467,9.45,,,
1540978667.5810976,3.67467,9.45,,,
1540978667.677052,3.67505,9.45,,,
1540978667.7784526,3.67505,9.44896,0,0,0
1540978667.8796115,3.67505,9.44896,,,
1540978667.980244,3.6752,9.44896,,,
1540978668.0787385,3.6752,9.44846,,,
1540978668.178137,3.6752,9.44846,,,
1540978668.2907748,3.6752,9.44846,,,
1540978668.3968074,3.67528,9.44846,,,
1540978668.4817314,3.67528,9.44846,,,
1540978668.5770695,3.67528,9.44846,,,
1540978668.6862028,3.67528,9.44846,,,
1540978668.7948961,3.67528,9.44846,0,0,0
1540978668.8816335,3.67528,9.44846,,,
1540978668.976323,3.6752,9.44846,,,
1540978669.0859656,3.6752,9.44846,,,
1540978669.1951914,3.6752,9.44846,,,
1540978669.2821367,3.6752,9.44846,,,
1540978669.3769333,3.67513,9.44872,,,
1540978669.4886093,3.67513,9.44872,,,
1540978669.59043,3.67513,9.44872,,,
1540978669.68103,3.67497,9.44872,,,
1540978669.777078,3.67497,9.44922,0,0,0
1540978669.8835988,3.67497,9.44922,,,
1540978669.9835875,3.67482,9.44922,,,
1540978670.081255,3.67482,9.44974,,,
1540978670.1813,3.67482,9.44974,,,
1540978670.2807922,3.67482,9.44974,,,
1540978670.3768249,3.67467,9.45,,,
1540978670.478047,3.67467,9.45,,,
1540978670.581786,3.67467,9.45,,,
1540978670.681999,3.67451,9.45,,,
1540978670.7970045,3.67451,9.45026,0,0,0
1540978670.8984587,3.67451,9.45026,,,
1540978670.9889696,3.67436,9.45026,,,
1540978671.0835721,3.67436,9.45052,,,
1540978671.1870763,3.67436,9.45052,,,
1540978671.293287,3.67436,9.45052,,,
1540978671.3881667,3.67421,9.45102,,,
1540978671.484788,3.67421,9.45102,,,
1540978671.5856042,3.67421,9.45102,,,
1540978671.6868844,3.67398,9.45102,,,
1540978671.784727,3.67398,9.45154,0,0,0
1540978671.8848846,3.67398,9.45154,,,
1540978671.9824834,3.67398,9.45154,,,
1540978672.08468,3.67375,9.45232,,,
1540978672.1866107,3.67375,9.45232,,,
1540978672.2877676,3.67375,9.45232,,,
1540978672.3847492,3.67352,9.45282,,,
1540978672.5006616,3.67352,9.45282,,,
1540978672.604421,3.67352,9.45282,,,
1540978672.68533,3.67339,9.45282,,,
1540978672.784782,3.67339,9.45308,0,0,0
1540978672.8918214,3.67339,9.45308,,,
1540978672.9983737,3.67316,9.45308,,,
1540978673.0848641,3.67316,9.45334,,,
1540978673.186138,3.67316,9.45334,,,
1540978673.292493,3.67316,9.45334,,,
1540978673.4006908,3.67293,9.45412,,,
1540978673.4948173,3.67293,9.45412,,,
1540978673.5907748,3.67293,9.45412,,,
1540978673.6911836,3.6727,9.45412,,,
1540978673.7994192,3.6727,9.45462,0,0,0
1540978673.8932703,3.6727,9.45462,,,
1540978673.988674,3.6727,9.45462,,,
1540978674.0895712,3.67247,9.45514,,,
1540978674.1982489,3.67247,9.45514,,,
1540978674.2903733,3.67247,9.45514,,,
1540978674.3887515,3.67224,9.45566,,,
1540978674.4904292,3.67224,9.45566,,,
1540978674.592648,3.67224,9.45566,,,
1540978674.6905425,3.67201,9.45566,,,
1540978674.7887673,3.67201,9.45616,0,0,0
1540978674.8867176,3.67201,9.45616,,,
1540978674.9889328,3.67201,9.45616,,,
1540978675.0907714,3.67178,9.4572,,,
1540978675.1913333,3.67178,9.4572,,,
1540978675.2902844,3.67178,9.4572,,,
1540978675.400953,3.67149,9.45796,,,
1540978675.5065181,3.67149,9.45796,,,
1540978675.5958533,3.67149,9.45796,,,
1540978675.692537,3.67126,9.45796,,,
1540978675.797575,3.67126,9.45822,0,0,0
1540978675.9003196,3.67126,9.45822,,,
1540978675.998067,3.67126,9.45822,,,
1540978676.090608,3.67104,9.45874,,,
1540978676.1879938,3.67104,9.45874,,,
1540978676.2907355,3.67104,9.45874,,,
1540978676.391213,3.67081,9.45926,,,
1540978676.491227,3.67081,9.45926,,,
1540978676.5903864,3.67081,9.45926,,,
1540978676.7067845,3.67058,9.45926,,,
1540978676.8062732,3.67058,9.46002,0,0,0
1540978676.8917646,3.67058,9.46002,,,
1540978676.9913807,3.67058,9.46002,,,
1540978677.096066,3.67027,9.46106,,,
1540978677.1972408,3.67027,9.46106,,,
1540978677.2949624,3.67027,9.46106,,,
1540978677.392971,3.67004,9.46106,,,
1540978677.4909155,3.67004,9.46182,,,
1540978677.5924861,3.67004,9.46182,,,
1540978677.6967921,3.66974,9.46182,,,
1540978677.7922714,3.66974,9.46286,0,0,0
1540978677.8915706,3.66974,9.46286,,,
1540978678.0058925,3.66974,9.46286,,,
1540978678.112627,3.66953,9.46336,,,
1540978678.199202,3.66953,9.46336,,,
1540978678.2991567,3.66953,9.46336,,,
1540978678.407747,3.6693,9.46388,,,
1540978678.5070693,3.6693,9.46388,,,
1540978678.603387,3.6693,9.46388,,,
1540978678.699987,3.66899,9.46388,,,
1540978678.8007095,3.66899,9.4644,0,0,0
1540978678.9084504,3.66899,9.4644,,,
1540978679.0035195,3.66899,9.4644,,,
1540978679.0982573,3.66876,9.46542,,,
1540978679.2036781,3.66876,9.46542,,,
1540978679.3024986,3.66876,9.46542,,,
1540978679.3999732,3.66846,9.46542,,,
1540978679.4990096,3.66846,9.4662,,,
1540978679.598401,3.66846,9.4662,,,
1540978679.6976967,3.66823,9.4662,,,
1540978679.8011327,3.66823,9.46646,0,0,0
1540978679.8995802,3.66823,9.46646,,,
1540978680.0011141,3.66823,9.46646,,,
1540978680.1117737,3.66792,9.46696,,,
1540978680.215496,3.66792,9.46696,,,
1540978680.3073728,3.66792,9.46696,,,
1540978680.401978,3.66769,9.46696,,,
1540978680.5085466,3.66769,9.46774,,,
1540978680.6086576,3.66769,9.46774,,,
1540978680.703238,3.6674,9.46774,,,
1540978680.8026013,3.6674,9.46852,0,0,0
1540978680.9010837,3.6674,9.46852,,,
1540978681.0024483,3.6674,9.46852,,,
1540978681.1042058,3.66718,9.46877,,,
1540978681.204122,3.66718,9.46877,,,
1540978681.3000128,3.66718,9.46877,,,
1540978681.420788,3.66687,9.46954,,,
1540978681.5263839,3.66687,9.46954,,,
1540978681.6062338,3.66687,9.46954,,,
1540978681.7049987,3.66664,9.46954,,,
1540978681.8181117,3.66664,9.47032,0,0,0
1540978681.9212818,3.66664,9.47032,,,
1540978682.004747,3.66664,9.47032,,,
1540978682.1054819,3.66634,9.47134,,,
1540978682.2119548,3.66634,9.47134,,,
1540978682.3179867,3.66634,9.47134,,,
1540978682.4123502,3.66611,9.47134,,,
1540978682.5083544,3.66611,9.47186,,,
1540978682.612111,3.66611,9.47186,,,
1540978682.7180812,3.6658,9.47186,,,
1540978682.8114269,3.6658,9.47212,0,0,0
1540978682.9077628,3.6658,9.47212,,,
1540978683.0072718,3.6658,9.47212,,,
1540978683.1082737,3.66559,9.47314,,,
1540978683.2047737,3.66559,9.47314,,,
1540978683.3049123,3.66559,9.47314,,,
1540978683.4048336,3.66528,9.47314,,,
1540978683.5049136,3.66528,9.47392,,,
1540978683.6048777,3.66528,9.47392,,,
1540978683.705006,3.66528,9.47392,,,
1540978683.8049147,3.66505,9.47469,0,0,0
1540978683.9173613,3.66505,9.47469,,,
1540978684.0240598,3.66505,9.47469,,,
1540978684.1118562,3.66475,9.47495,,,
1540978684.2073512,3.66475,9.47495,,,
1540978684.3164504,3.66475,9.47495,,,
1540978684.4217849,3.66452,9.47495,,,
1540978684.5124793,3.66452,9.47572,,,
1540978684.6077054,3.66452,9.47572,,,
1540978684.7133753,3.66452,9.47572,,,
1540978684.8201344,3.66422,9.47649,0,0,0
1540978684.9119864,3.66422,9.47649,,,
1540978685.008128,3.66422,9.47649,,,
1540978685.1135821,3.66391,9.47752,,,
1540978685.221432,3.66391,9.47752,,,
1540978685.3121772,3.66391,9.47752,,,
1540978685.4085245,3.66362,9.47752,,,
1540978685.5152009,3.66362,9.47829,,,
1540978685.6193573,3.66362,9.47829,,,
1540978685.7090795,3.66362,9.47829,0,0,0
1540978685.807504,3.66339,9.47932,,,
1540978685.907004,3.66339,9.47932,,,
1540978686.012106,3.66339,9.47932,,,
1540978686.106968,3.66316,9.47983,,,
1540978686.2153337,3.66316,9.47983,,,
1540978686.3112552,3.66316,9.47983,,,
1540978686.428913,3.66286,9.47983,,,
1540978686.5357969,3.66286,9.48035,,,
1540978686.6169767,3.66286,9.48035,,,
1540978686.7108357,3.66286,9.48035,0,0,0
1540978686.8218937,3.66255,9.48112,,,
1540978686.9254024,3.66255,9.48112,,,
1540978687.015823,3.66255,9.48112,,,
1540978687.1098576,3.66225,9.48215,,,
1540978687.2144728,3.66225,9.48215,,,
1540978687.3253694,3.66225,9.48215,,,
1540978687.4135137,3.66202,9.48215,,,
1540978687.512165,3.66202,9.48293,,,
1540978687.612104,3.66202,9.48293,,,
1540978687.7333448,3.66173,9.48293,,,
1540978687.8352458,3.66173,9.48317,0,0,0
1540978687.920049,3.66173,9.48317,,,
1540978688.0139375,3.66173,9.48317,,,
1540978688.1232169,3.66142,9.48395,,,
1540978688.2256408,3.66142,9.48395,,,
1540978688.3172328,3.66142,9.48395,,,
1540978688.4138615,3.66119,9.48395,,,
1540978688.5190744,3.66119,9.48497,,,
1540978688.6187024,3.66119,9.48497,,,
1540978688.7146187,3.66119,9.48497,0,0,0
1540978688.8146234,3.66089,9.48575,,,
1540978688.9145582,3.66089,9.48575,,,
1540978689.0169542,3.66089,9.48575,,,
1540978689.114709,3.66058,9.48575,,,
1540978689.21442,3.66058,9.48627,,,
1540978689.314638,3.66058,9.48627,,,
1540978689.4343176,3.66035,9.48627,,,
1540978689.536094,3.66035,9.48677,,,
1540978689.6211972,3.66035,9.48677,,,
1540978689.7145238,3.66035,9.48677,0,0,0
1540978689.8220189,3.66005,9.48755,,,
1540978689.9288518,3.66005,9.48755,,,
1540978690.0210822,3.66005,9.48755,,,
1540978690.1159523,3.65976,9.48755,,,
1540978690.220248,3.65976,9.48807,,,
1540978690.3204212,3.65976,9.48807,,,
1540978690.4160962,3.65953,9.48807,,,
1540978690.5168068,3.65953,9.48857,,,
1540978690.6152372,3.65953,9.48857,,,
1540978690.7372072,3.65953,9.48857,0,0,0
1540978690.8391836,3.65923,9.48935,,,
1540978690.9236221,3.65923,9.48935,,,
1540978691.018854,3.65923,9.48935,,,
1540978691.1255128,3.65892,9.49037,,,
1540978691.230312,3.65892,9.49037,,,
1540978691.3213465,3.65892,9.49037,,,
1540978691.415767,3.65862,9.49037,,,
1540978691.5168269,3.65862,9.49115,,,
1540978691.6188958,3.65862,9.49115,,,
1540978691.716738,3.65862,9.49115,0,0,0
1540978691.8166966,3.65839,9.49167,,,
1540978691.916052,3.65839,9.49167,,,
1540978692.038173,3.65839,9.49167,,,
1540978692.1398022,3.65808,9.49167,,,
1540978692.225442,3.65808,9.49217,,,
1540978692.3247492,3.65808,9.49217,,,
1540978692.4262984,3.65787,9.49217,,,
1540978692.5270379,3.65787,9.49321,,,
1540978692.6253219,3.65787,9.49321,,,
1540978692.7251298,3.65787,9.49321,0,0,0
1540978692.824601,3.65756,9.49397,,,
1540978692.9230323,3.65756,9.49397,,,
1540978693.0269225,3.65756,9.49397,,,
1540978693.1245725,3.65726,9.49397,,,
1540978693.2236254,3.65726,9.49449,,,
1540978693.335805,3.65726,9.49449,,,
1540978693.4389179,3.65695,9.49449,,,
1540978693.5268033,3.65695,9.49501,,,
1540978693.6262536,3.65695,9.49501,,,
1540978693.7354171,3.65695,9.49501,0,0,0
1540978693.8383946,3.65665,9.49603,,,
1540978693.9276316,3.65665,9.49603,,,
1540978694.0254266,3.65665,9.49603,,,
1540978694.1333566,3.65642,9.49603,,,
1540978694.2405574,3.65642,9.49707,,,
1540978694.3297753,3.65642,9.49707,,,
1540978694.4265783,3.65642,9.49707,,,
1540978694.5343115,3.65613,9.49809,,,
1540978694.6391847,3.65613,9.49809,,,
1540978694.739505,3.65613,9.49809,0,0,0
1540978694.8315475,3.65582,9.49887,,,
1540978694.9316583,3.65582,9.49887,,,
1540978695.0291538,3.65582,9.49887,,,
1540978695.1266704,3.65552,9.49887,,,
1540978695.2269986,3.65552,9.49963,,,
1540978695.3255553,3.65552,9.49963,,,
1540978695.4436388,3.65529,9.49963,,,
1540978695.5506008,3.65529,9.49989,,,
1540978695.6355565,3.65529,9.49989,,,
1540978695.7364774,3.65529,9.49989,0,0,0
1540978695.8379636,3.65498,9.50067,,,
1540978695.9413915,3.65498,9.50067,,,
1540978696.0363123,3.65498,9.50067,,,
1540978696.136804,3.65468,9.50067,,,
1540978696.234214,3.65468,9.50195,,,
1540978696.357146,3.65468,9.50195,,,
1540978696.4367595,3.65437,9.50195,,,
1540978696.5380945,3.65437,9.50247,,,
1540978696.6373482,3.65437,9.50247,,,
1540978696.744789,3.65437,9.50247,0,0,0
1540978696.849857,3.65408,9.50298,,,
1540978696.9379623,3.65408,9.50298,,,
1540978697.0372698,3.65408,9.50298,,,
1540978697.1425698,3.65385,9.50298,,,
1540978697.2497866,3.65385,9.50349,,,
1540978697.3382344,3.65385,9.50349,,,
1540978697.438499,3.65385,9.50349,,,
1540978697.5457044,3.65355,9.50478,,,
1540978697.643846,3.65355,9.50478,,,
1540978697.739449,3.65355,9.50478,0,0,0
1540978697.8388815,3.65324,9.50555,,,
1540978697.9353545,3.65324,9.50555,,,
1540978698.0402336,3.65324,9.50555,,,
1540978698.139583,3.65294,9.50555,,,
1540978698.239698,3.65294,9.50581,,,
1540978698.339181,3.65294,9.50581,,,
1540978698.4539561,3.65263,9.50581,,,
1540978698.5642526,3.65263,9.50658,,,
1540978698.653889,3.65263,9.50658,,,
1540978698.7441545,3.65263,9.50658,0,0,0
1540978698.8540533,3.6524,9.50761,,,
1540978698.958567,3.6524,9.50761,,,
1540978699.0490098,3.6524,9.50761,,,
1540978699.1484325,3.65211,9.50761,,,
1540978699.2499712,3.65211,9.50838,,,
1540978699.3489676,3.65211,9.50838,,,
1540978699.4511504,3.65211,9.50838,,,
1540978699.5527625,3.65181,9.5089,,,
1540978699.6490474,3.65181,9.5089,,,
1540978699.7683215,3.65181,9.5089,0,0,0
1540978699.8686466,3.6515,9.50941,,,
1540978699.9501154,3.6515,9.50941,,,
1540978700.0479832,3.6515,9.50941,,,
1540978700.157032,3.6512,9.50941,,,
1540978700.2625158,3.6512,9.51044,,,
1540978700.3509793,3.6512,9.51044,,,
1540978700.449617,3.6512,9.51044,,,
1540978700.5447633,3.65089,9.51147,,,
1540978700.65237,3.65089,9.51147,,,
1540978700.7517083,3.65089,9.51147,0,0,0
1540978700.8505814,3.65067,9.51173,,,
1540978700.9558485,3.65067,9.51173,,,
1540978701.0692613,3.65067,9.51173,,,
1540978701.173783,3.65038,9.51173,,,
1540978701.2541208,3.65038,9.5125,,,
1540978701.3511457,3.65038,9.5125,,,
1540978701.459116,3.65007,9.5125,,,
1540978701.5651274,3.65007,9.51328,,,
1540978701.6542673,3.65007,9.51328,,,
1540978701.7517326,3.65007,9.51328,0,0,0
1540978701.8586786,3.64977,9.5143,,,
1540978701.959055,3.64977,9.5143,,,
1540978702.0554688,3.64977,9.5143,,,
1540978702.1547885,3.64946,9.5143,,,
1540978702.2573562,3.64946,9.51534,,,
1540978702.357971,3.64946,9.51534,,,
1540978702.4561021,3.64946,9.51534,,,
1540978702.556487,3.64915,9.5161,,,
1540978702.6520083,3.64915,9.5161,,,
1540978702.772476,3.64915,9.5161,0,0,0
1540978702.8727446,3.64893,9.51636,,,
1540978702.955669,3.64893,9.51636,,,
1540978703.0544877,3.64893,9.51636,,,
1540978703.1606362,3.64862,9.51636,,,
1540978703.265865,3.64862,9.51738,,,
1540978703.3560715,3.64862,9.51738,,,
1540978703.4544845,3.64862,9.51738,,,
1540978703.5547323,3.64833,9.51816,,,
1540978703.6590269,3.64833,9.51816,,,
1540978703.757525,3.64833,9.51816,0,0,0
1540978703.8585262,3.64803,9.51894,,,
1540978703.9530802,3.64803,9.51894,,,
1540978704.074615,3.64803,9.51894,,,
1540978704.174381,3.64772,9.51894,,,
1540978704.2600834,3.64772,9.51944,,,
1540978704.3592064,3.64772,9.51944,,,
1540978704.4648857,3.64772,9.51944,,,
1540978704.566817,3.64742,9.52022,,,
1540978704.6660078,3.64742,9.52022,,,
1540978704.7617044,3.64742,9.52022,0,0,0
1540978704.86551,3.64719,9.52022,,,
1540978704.9582155,3.64719,9.52124,,,
1540978705.0621295,3.64719,9.52124,,,
1540978705.1586008,3.64688,9.52124,,,
1540978705.258275,3.64688,9.52202,,,
1540978705.3724298,3.64688,9.52202,,,
1540978705.4760969,3.64658,9.52202,,,
1540978705.5581214,3.64658,9.52228,,,
1540978705.6587882,3.64658,9.52228,,,
1540978705.7609513,3.64658,9.52228,0,0,0
1540978705.8710768,3.64629,9.52228,,,
1540978705.9609535,3.64629,9.52304,,,
1540978706.0577474,3.64629,9.52304,,,
1540978706.1583908,3.64598,9.52304,,,
1540978706.262335,3.64598,9.52408,,,
1540978706.3611555,3.64598,9.52408,,,
1540978706.4610686,3.64598,9.52408,,,
1540978706.5599139,3.64575,9.5251,,,
1540978706.6780577,3.64575,9.5251,,,
1540978706.7783504,3.64575,9.5251,0,0,0
1540978706.8606753,3.64545,9.5251,,,
1540978706.9561214,3.64545,9.52536,,,
1540978707.0654886,3.64545,9.52536,,,
1540978707.1706066,3.64514,9.52536,,,
1540978707.2599487,3.64514,9.52588,,,
1540978707.3508573,3.64514,9.52588,,,
1540978707.4599357,3.64514,9.52588,,,
1540978707.564744,3.64484,9.5269,,,
1540978707.6573422,3.64484,9.5269,,,
1540978707.7609537,3.64484,9.5269,0,0,0
1540978707.8516963,3.64455,9.5269,,,
1540978707.9757447,3.64455,9.52794,,,
1540978708.079112,3.64455,9.52794,,,
1540978708.1562033,3.64424,9.52794,,,
1540978708.2610056,3.64424,9.52844,,,
1540978708.3669927,3.64424,9.52844,,,
1540978708.473247,3.64424,9.52844,,,
1540978708.5633004,3.64401,9.52896,,,
1540978708.654857,3.64401,9.52896,,,
1540978708.7728739,3.64401,9.52896,0,0,0
1540978708.8704166,3.64371,9.52896,,,
1540978708.9831605,3.64371,9.53,,,
1540978709.0783288,3.64371,9.53,,,
1540978709.1686113,3.6434,9.53,,,
1540978709.2857769,3.6434,9.53102,,,
1540978709.386249,3.6434,9.53102,,,
1540978709.467343,3.6434,9.53102,,,
1540978709.5583735,3.6431,9.53204,,,
1540978709.673322,3.6431,9.53204,,,
1540978709.7893026,3.6431,9.53204,0,0,0
1540978709.883069,3.64279,9.53204,,,
1540978709.9671452,3.64279,9.53282,,,
1540978710.0645888,3.64279,9.53282,,,
1540978710.1697986,3.6425,9.53282,,,
1540978710.2634785,3.6425,9.5336,,,
1540978710.3621612,3.6425,9.5336,,,
1540978710.4613814,3.6425,9.5336,,,
1540978710.5845773,3.6422,9.53384,,,
1540978710.6879792,3.6422,9.53384,,,
1540978710.7683163,3.6422,9.53384,0,0,0
1540978710.8613014,3.64197,9.53384,,,
1540978710.984056,3.64197,9.53488,,,
1540978711.0769904,3.64197,9.53488,,,
1540978711.1690333,3.64197,9.53488,,,
1540978711.2652586,3.64166,9.5359,,,
1540978711.3696573,3.64166,9.5359,,,
1540978711.4731286,3.64166,9.5359,,,
1540978711.5691128,3.64136,9.53642,,,
1540978711.6680598,3.64136,9.53642,,,
1540978711.7595685,3.64136,9.53642,0,0,0
1540978711.891586,3.64105,9.53642,,,
1540978711.969543,3.64105,9.53694,,,
1540978712.065915,3.64105,9.53694,,,
1540978712.162865,3.64105,9.53694,,,
1540978712.2787719,3.64076,9.53796,,,
1540978712.3842824,3.64076,9.53796,,,
1540978712.4722226,3.64076,9.53796,,,
1540978712.5646236,3.64046,9.53874,,,
1540978712.6720603,3.64046,9.53874,,,
1540978712.7724643,3.64046,9.53874,0,0,0
1540978712.8653014,3.64015,9.53874,,,
1540978712.965792,3.64015,9.53951,,,
1540978713.0655818,3.64015,9.53951,,,
1540978713.1711185,3.64015,9.53951,,,
1540978713.2665746,3.63985,9.54002,,,
1540978713.3664272,3.63985,9.54002,,,
1540978713.4637792,3.63985,9.54002,,,
1540978713.5868266,3.63962,9.5408,,,
1540978713.6902502,3.63962,9.5408,,,
1540978713.7744908,3.63962,9.5408,0,0,0
1540978713.864049,3.63931,9.5408,,,
1540978713.9791715,3.63931,9.54182,,,
1540978714.090299,3.63931,9.54182,,,
1540978714.1705616,3.63931,9.54182,,,
1540978714.2673066,3.63901,9.5426,,,
1540978714.376199,3.63901,9.5426,,,
1540978714.4820294,3.63901,9.5426,,,
1540978714.570159,3.63872,9.54285,,,
1540978714.6696734,3.63872,9.54285,,,
1540978714.7661688,3.63872,9.54285,0,0,0
1540978714.8970954,3.63841,9.54285,,,
1540978714.9711516,3.63841,9.54388,,,
1540978715.0690355,3.63841,9.54388,,,
1540978715.17001,3.63841,9.54388,,,
1540978715.288999,3.63811,9.54465,,,
1540978715.3958473,3.63811,9.54465,,,
1540978715.469798,3.63811,9.54465,,,
1540978715.568746,3.6378,9.54465,,,
1540978715.6853278,3.6378,9.54568,,,
1540978715.789933,3.6378,9.54568,0,0,0
1540978715.8727841,3.6375,9.54568,,,
1540978715.9710162,3.6375,9.54594,,,
1540978716.0796232,3.6375,9.54594,,,
1540978716.1855407,3.6375,9.54594,,,
1540978716.2721825,3.63719,9.54671,,,
1540978716.3788865,3.63719,9.54671,,,
1540978716.4760215,3.63719,9.54671,,,
1540978716.5846527,3.63696,9.54671,,,
1540978716.6769454,3.63696,9.54774,,,
1540978716.7808726,3.63696,9.54774,0,0,0
1540978716.8759973,3.63667,9.54774,,,
1540978716.9800916,3.63667,9.54877,,,
1540978717.111277,3.63667,9.54877,,,
1540978717.184511,3.63667,9.54877,,,
1540978717.2737575,3.63637,9.54955,,,
1540978717.3960319,3.63637,9.54955,,,
1540978717.4743032,3.63637,9.54955,,,
1540978717.5737529,3.63606,9.54955,,,
1540978717.6729553,3.63606,9.55057,,,
1540978717.7841127,3.63606,9.55057,0,0,0
1540978717.8882837,3.63576,9.55057,,,
1540978717.9783797,3.63576,9.55109,,,
1540978718.0748587,3.63576,9.55109,,,
1540978718.1743746,3.63576,9.55109,,,
1540978718.285824,3.63545,9.55161,,,
1540978718.383831,3.63545,9.55161,,,
1540978718.4850218,3.63545,9.55161,,,
1540978718.5790987,3.63515,9.55161,,,
1540978718.6953785,3.63515,9.55263,,,
1540978718.7890666,3.63515,9.55263,0,0,0
1540978718.8756819,3.63515,9.55263,,,
1540978718.9754262,3.63486,9.55365,,,
1540978719.094361,3.63486,9.55365,,,
1540978719.1826138,3.63486,9.55365,,,
1540978719.277955,3.63463,9.55417,,,
1540978719.3803246,3.63463,9.55417,,,
1540978719.490071,3.63463,9.55417,,,
1540978719.59781,3.63432,9.55417,,,
1540978719.687152,3.63432,9.55469,,,
1540978719.7801569,3.63432,9.55469,0,0,0
1540978719.8825068,3.63432,9.55469,,,
1540978719.9916503,3.63402,9.55571,,,
1540978720.0835094,3.63402,9.55571,,,
1540978720.1795542,3.63402,9.55571,,,
1540978720.280674,3.63371,9.55675,,,
1540978720.385994,3.63371,9.55675,,,
1540978720.4811954,3.63371,9.55675,,,
1540978720.5795105,3.63341,9.55675,,,
1540978720.6801605,3.63341,9.55725,,,
1540978720.8034678,3.63341,9.55725,0,0,0
1540978720.905576,3.6331,9.55725,,,
1540978720.9856427,3.6331,9.55777,,,
1540978721.0770147,3.6331,9.55777,,,
1540978721.1886365,3.6331,9.55777,,,
1540978721.295726,3.63281,9.55881,,,
1540978721.3864453,3.63281,9.55881,,,
1540978721.4784095,3.63281,9.55881,,,
1540978721.5858042,3.63251,9.55881,,,
1540978721.6891425,3.63251,9.55983,,,
1540978721.7871299,3.63251,9.55983,0,0,0
1540978721.8799977,3.63251,9.55983,,,
1540978721.9830105,3.6322,9.56035,,,
1540978722.1070194,3.6322,9.56035,,,
1540978722.191083,3.6322,9.56035,,,
1540978722.2817235,3.6319,9.56085,,,
1540978722.3782957,3.6319,9.56085,,,
1540978722.4961317,3.6319,9.56085,,,
1540978722.6013896,3.63159,9.56085,,,
1540978722.6901457,3.63159,9.56163,,,
1540978722.781513,3.63159,9.56163,0,0,0
1540978722.8819637,3.63159,9.56163,,,
1540978722.9896555,3.63129,9.56265,,,
1540978723.0883198,3.63129,9.56265,,,
1540978723.1859367,3.63129,9.56265,,,
1540978723.2866423,3.631,9.56317,,,
1540978723.405428,3.631,9.56317,,,
1540978723.4862633,3.631,9.56317,,,
1540978723.5855794,3.63069,9.56317,,,
1540978723.6819696,3.63069,9.56369,,,
1540978723.7968051,3.63069,9.56369,0,0,0
1540978723.9004414,3.63069,9.56369,,,
1540978723.985742,3.63039,9.56471,,,
1540978724.0844345,3.63039,9.56471,,,
1540978724.187332,3.63039,9.56471,,,
1540978724.2997,3.63008,9.56575,,,
1540978724.3857274,3.63008,9.56575,,,
1540978724.4844232,3.63008,9.56575,,,
1540978724.5821204,3.62978,9.56575,,,
1540978724.69199,3.62978,9.56677,,,
1540978724.7869625,3.62978,9.56677,0,0,0
1540978724.8851848,3.62978,9.56677,,,
1540978724.9813297,3.62947,9.56781,,,
1540978725.1052535,3.62947,9.56781,,,
1540978725.2116117,3.62947,9.56781,,,
1540978725.286728,3.62918,9.56781,,,
1540978725.3819745,3.62918,9.56831,,,
1540978725.4964771,3.62918,9.56831,,,
1540978725.615163,3.62888,9.56831,,,
1540978725.7066278,3.62888,9.56883,0,0,0
1540978725.7833443,3.62888,9.56883,,,
1540978725.884583,3.62888,9.56883,,,
1540978725.9920716,3.62865,9.56985,,,
1540978726.0845883,3.62865,9.56985,,,
1540978726.1825352,3.62865,9.56985,,,
1540978726.2826083,3.62834,9.56985,,,
1540978726.3900795,3.62834,9.57089,,,
1540978726.4844594,3.62834,9.57089,,,
1540978726.5832536,3.62804,9.57089,,,
1540978726.6811316,3.62804,9.57141,,,
1540978726.8060026,3.62804,9.57141,0,0,0
1540978726.9122946,3.62804,9.57141,,,
1540978726.985362,3.62773,9.57191,,,
1540978727.0823128,3.62773,9.57191,,,
1540978727.2011251,3.62773,9.57191,,,
1540978727.3054233,3.62743,9.57191,,,
1540978727.3919356,3.62743,9.57295,,,
1540978727.4843102,3.62743,9.57295,,,
1540978727.5849304,3.62714,9.57295,,,
1540978727.6939843,3.62714,9.57372,,,
1540978727.7867033,3.62714,9.57372,0,0,0
1540978727.8833268,3.62714,9.57372,,,
1540978727.98589,3.62683,9.57449,,,
1540978728.0889077,3.62683,9.57449,,,
1540978728.1931295,3.62683,9.57449,,,
1540978728.292289,3.6266,9.57449,,,
1540978728.3908374,3.6266,9.57475,,,
1540978728.5087926,3.6266,9.57475,,,
1540978728.6152642,3.62622,9.57475,,,
1540978728.6907861,3.62622,9.57578,0,0,0
1540978728.7845728,3.62622,9.57578,,,
1540978728.8999507,3.62622,9.57578,,,
1540978729.011351,3.62592,9.57681,,,
1540978729.0868719,3.62592,9.57681,,,
1540978729.1850603,3.62592,9.57681,,,
1540978729.2924812,3.62561,9.57681,,,
1540978729.398119,3.62561,9.57758,,,
1540978729.489838,3.62561,9.57758,,,
1540978729.590795,3.62561,9.57758,,,
1540978729.6908321,3.62532,9.57784,,,
1540978729.7978258,3.62532,9.57784,0,0,0
1540978729.8898757,3.62532,9.57784,,,
1540978729.9885097,3.62509,9.57886,,,
1540978730.088526,3.62509,9.57886,,,
1540978730.2161288,3.62509,9.57886,,,
1540978730.3181522,3.62479,9.57886,,,
1540978730.392956,3.62479,9.57964,,,
1540978730.4900305,3.62479,9.57964,,,
1540978730.601968,3.62479,9.57964,,,
1540978730.7108734,3.62448,9.58092,,,
1540978730.797749,3.62448,9.58092,0,0,0
1540978730.8941965,3.62448,9.58092,,,
1540978731.0035813,3.62418,9.5817,,,
1540978731.1100845,3.62418,9.5817,,,
1540978731.1955795,3.62418,9.5817,,,
1540978731.2925863,3.62387,9.5817,,,
1540978731.4315083,3.62387,9.58195,,,
1540978731.502989,3.62387,9.58195,,,
1540978731.5944016,3.62387,9.58195,,,
1540978731.6925797,3.62357,9.58272,,,
1540978731.7896917,3.62357,9.58272,0,0,0
1540978731.8975735,3.62357,9.58272,,,
1540978732.0011091,3.62328,9.58376,,,
1540978732.0994334,3.62328,9.58376,,,
1540978732.2143145,3.62328,9.58376,,,
1540978732.3133776,3.62297,9.58376,,,
1540978732.4160755,3.62297,9.58478,,,
1540978732.4991157,3.62297,9.58478,,,
1540978732.5932395,3.62297,9.58478,,,
1540978732.7042696,3.62267,9.58582,,,
1540978732.8113909,3.62267,9.58582,0,0,0
1540978732.8947728,3.62267,9.58582,,,
1540978732.9942532,3.62236,9.58658,,,
1540978733.0989006,3.62236,9.58658,,,
1540978733.211046,3.62236,9.58658,,,
1540978733.295549,3.62213,9.58658,,,
1540978733.3929648,3.62213,9.5871,,,
1540978733.4996617,3.62213,9.5871,,,
1540978733.6098537,3.62213,9.5871,,,
1540978733.715093,3.62183,9.58786,,,
1540978733.813881,3.62183,9.58786,0,0,0
1540978733.8956401,3.62183,9.58786,,,
1540978734.02196,3.62146,9.5889,,,
1540978734.1023684,3.62146,9.5889,,,
1540978734.1964376,3.62146,9.5889,,,
1540978734.2953532,3.62123,9.5889,,,
1540978734.407815,3.62123,9.58968,,,
1540978734.5196705,3.62123,9.58968,,,
1540978734.5982964,3.62123,9.58968,,,
1540978734.6953747,3.62093,9.59018,,,
1540978734.8047814,3.62093,9.59018,0,0,0
1540978734.9134476,3.62093,9.59018,,,
1540978734.9992986,3.62062,9.59018,,,
1540978735.0972683,3.62062,9.59096,,,
1540978735.199804,3.62062,9.59096,,,
1540978735.3081539,3.62032,9.59096,,,
1540978735.4023428,3.62032,9.59198,,,
1540978735.4979398,3.62032,9.59198,,,
1540978735.596023,3.62032,9.59198,,,
1540978735.703171,3.62001,9.59276,,,
1540978735.7989469,3.62001,9.59276,0,0,0
1540978735.89755,3.62001,9.59276,,,
1540978735.9975722,3.61971,9.59276,,,
1540978736.118231,3.61971,9.59328,,,
1540978736.2231123,3.61971,9.59328,,,
1540978736.2996137,3.61942,9.59328,,,
1540978736.3991659,3.61942,9.59378,,,
1540978736.5084138,3.61942,9.59378,,,
1540978736.6178827,3.61942,9.59378,,,
1540978736.7049282,3.61911,9.59482,0,0,0
1540978736.8009822,3.61911,9.59482,,,
1540978736.9045706,3.61911,9.59482,,,
1540978737.01692,3.6188,9.59482,,,
1540978737.1046336,3.6188,9.59584,,,
1540978737.200302,3.6188,9.59584,,,
1540978737.302741,3.6185,9.59584,,,
1540978737.405788,3.6185,9.59636,,,
1540978737.5007312,3.6185,9.59636,,,
1540978737.599583,3.6185,9.59636,,,
1540978737.702683,3.61827,9.59688,,,
1540978737.802548,3.61827,9.59688,0,0,0
1540978737.9117107,3.61827,9.59688,,,
1540978738.0091498,3.61797,9.59688,,,
1540978738.1283498,3.61797,9.5979,,,
1540978738.221084,3.61797,9.5979,,,
1540978738.3068666,3.61768,9.5979,,,
1540978738.4049542,3.61768,9.59892,,,
1540978738.504017,3.61768,9.59892,,,
1540978738.6120987,3.61768,9.59892,,,
1540978738.7215564,3.61737,9.59944,,,
1540978738.8073318,3.61737,9.59944,0,0,0
1540978738.9049048,3.61737,9.59944,,,
1540978739.0015287,3.61707,9.59944,,,
1540978739.1099694,3.61707,9.59996,,,
1540978739.2056413,3.61707,9.59996,,,
1540978739.3020864,3.61707,9.59996,,,
1540978739.4022067,3.61676,9.60072,,,
1540978739.5244424,3.61676,9.60072,,,
1540978739.6300223,3.61676,9.60072,,,
1540978739.7042286,3.61646,9.60202,0,0,0
1540978739.8026388,3.61646,9.60202,,,
1540978739.9102533,3.61646,9.60202,,,
1540978740.0216088,3.61615,9.60202,,,
1540978740.1131155,3.61615,9.60304,,,
1540978740.2071724,3.61615,9.60304,,,
1540978740.338141,3.61584,9.60304,,,
1540978740.4305909,3.61584,9.60382,,,
1540978740.514982,3.61584,9.60382,,,
1540978740.6082423,3.61584,9.60382,,,
1540978740.7079084,3.61555,9.60432,,,
1540978740.8155448,3.61555,9.60432,0,0,0
1540978740.920129,3.61555,9.60432,,,
1540978741.0118828,3.61525,9.60432,,,
1540978741.1361763,3.61525,9.6051,,,
1540978741.2365768,3.61525,9.6051,,,
1540978741.3361864,3.61494,9.6051,,,
1540978741.4114957,3.61494,9.60588,,,
1540978741.5112305,3.61494,9.60588,,,
1540978741.6192956,3.61494,9.60588,,,
1540978741.7312202,3.61464,9.6069,0,0,0
1540978741.8214421,3.61464,9.6069,,,
1540978741.9377592,3.61464,9.6069,,,
1540978742.022139,3.61433,9.6069,,,
1540978742.126695,3.61433,9.60793,,,
1540978742.2105277,3.61433,9.60793,,,
1540978742.3136356,3.61433,9.60793,,,
1540978742.4132195,3.61403,9.6087,,,
1540978742.5171134,3.61403,9.6087,,,
1540978742.612572,3.61403,9.6087,,,
1540978742.7108657,3.61374,9.60896,,,
1540978742.8112164,3.61374,9.60896,0,0,0
1540978742.9120934,3.61374,9.60896,,,
1540978743.0234702,3.61351,9.60896,,,
1540978743.1157475,3.61351,9.60999,,,
1540978743.2116346,3.61351,9.60999,,,
1540978743.326379,3.61351,9.60999,,,
1540978743.4362626,3.61313,9.61102,,,
1540978743.519068,3.61313,9.61102,,,
1540978743.6123776,3.61313,9.61102,,,
1540978743.7209299,3.6129,9.61153,,,
1540978743.8292427,3.6129,9.61153,0,0,0
1540978743.9172547,3.6129,9.61153,,,
1540978744.0155575,3.61259,9.61153,,,
1540978744.1114585,3.61259,9.61205,,,
1540978744.2189543,3.61259,9.61205,,,
1540978744.3159301,3.61259,9.61205,,,
1540978744.4146411,3.61229,9.61282,,,
1540978744.514807,3.61229,9.61282,,,
1540978744.6342828,3.61229,9.61282,,,
1540978744.7398078,3.61198,9.61385,0,0,0
1540978744.8120863,3.61198,9.61385,,,
1540978744.911871,3.61198,9.61385,,,
1540978745.0194857,3.61169,9.61385,,,
1540978745.133037,3.61169,9.61462,,,
1540978745.216313,3.61169,9.61462,,,
1540978745.3102956,3.61169,9.61462,,,
1540978745.41583,3.61139,9.61513,,,
1540978745.5218194,3.61139,9.61513,,,
1540978745.6179454,3.61139,9.61513,,,
1540978745.7179434,3.61116,9.61591,0,0,0
1540978745.8189604,3.61116,9.61591,,,
1540978745.9431205,3.61116,9.61591,,,
1540978746.0455024,3.61078,9.61591,,,
1540978746.1199725,3.61078,9.61693,,,
1540978746.2396522,3.61078,9.61693,,,
1540978746.3328862,3.61078,9.61693,,,
1540978746.4412785,3.61055,9.61771,,,
1540978746.5214126,3.61055,9.61771,,,
1540978746.619812,3.61055,9.61771,,,
1540978746.7201576,3.61024,9.61797,0,0,0
1540978746.8351994,3.61024,9.61797,,,
1540978746.9235559,3.61024,9.61797,,,
1540978747.0306692,3.60995,9.61797,,,
1540978747.128326,3.60995,9.61899,,,
1540978747.2337873,3.60995,9.61899,,,
1540978747.3259869,3.60995,9.61899,,,
1540978747.4222226,3.60965,9.61977,,,
1540978747.5199227,3.60965,9.61977,,,
1540978747.6365173,3.60965,9.61977,,,
1540978747.7221394,3.60934,9.61977,0,0,0
1540978747.8226678,3.60934,9.62079,,,
1540978747.921076,3.60934,9.62079,,,
1540978748.0364263,3.60904,9.62079,,,
1540978748.1448455,3.60904,9.62183,,,
1540978748.2221308,3.60904,9.62183,,,
1540978748.320302,3.60904,9.62183,,,
1540978748.4251978,3.60873,9.62285,,,
1540978748.5371842,3.60873,9.62285,,,
1540978748.6265638,3.60873,9.62285,,,
1540978748.7212567,3.60843,9.62285,0,0,0
1540978748.8209486,3.60843,9.62311,,,
1540978748.9267473,3.60843,9.62311,,,
1540978749.0292675,3.6082,9.62311,,,
1540978749.1248083,3.6082,9.62389,,,
1540978749.223462,3.6082,9.62389,,,
1540978749.3468175,3.6082,9.62389,,,
1540978749.4224794,3.60791,9.62491,,,
1540978749.5206072,3.60791,9.62491,,,
1540978749.6202822,3.60791,9.62491,,,
1540978749.7306964,3.6076,9.62491,0,0,0
1540978749.843467,3.6076,9.62569,,,
1540978749.924483,3.6076,9.62569,,,
1540978750.025197,3.6076,9.62569,,,
1540978750.1212566,3.6073,9.62619,,,
1540978750.234109,3.6073,9.62619,,,
1540978750.3264253,3.6073,9.62619,,,
1540978750.423801,3.60699,9.62671,,,
1540978750.5195944,3.60699,9.62671,,,
1540978750.6546292,3.60699,9.62671,,,
1540978750.7579162,3.60669,9.62671,0,0,0
1540978750.8306258,3.60669,9.62773,,,
1540978750.9283862,3.60669,9.62773,,,
1540978751.04674,3.60638,9.62773,,,
1540978751.1265764,3.60638,9.62877,,,
1540978751.2271988,3.60638,9.62877,,,
1540978751.327349,3.60638,9.62877,,,
1540978751.4324083,3.60609,9.62979,,,
1540978751.540102,3.60609,9.62979,,,
1540978751.6339505,3.60609,9.62979,,,
1540978751.726849,3.60587,9.62979,0,0,0
1540978751.827053,3.60587,9.63031,,,
1540978751.9286075,3.60587,9.63031,,,
1540978752.0349545,3.60587,9.63031,,,
1540978752.1283612,3.60556,9.63083,,,
1540978752.2550023,3.60556,9.63083,,,
1540978752.3476384,3.60556,9.63083,,,
1540978752.4328544,3.60526,9.63159,,,
1540978752.528524,3.60526,9.63159,,,
1540978752.6284504,3.60526,9.63159,,,
1540978752.7384472,3.60495,9.63159,0,0,0
1540978752.843065,3.60495,9.63263,,,
1540978752.9349136,3.60495,9.63263,,,
1540978753.0549614,3.60464,9.63263,,,
1540978753.1308105,3.60464,9.63339,,,
1540978753.2384858,3.60464,9.63339,,,
1540978753.342804,3.60464,9.63339,,,
1540978753.4351459,3.60434,9.63391,,,
1540978753.5323157,3.60434,9.63391,,,
1540978753.648289,3.60434,9.63391,,,
1540978753.7389703,3.60405,9.63391,0,0,0
1540978753.8349907,3.60405,9.63469,,,
1540978753.933568,3.60405,9.63469,,,
1540978754.049138,3.60374,9.63469,,,
1540978754.1603785,3.60374,9.63571,,,
1540978754.2369134,3.60374,9.63571,,,
1540978754.3367481,3.60374,9.63571,,,
1540978754.4393091,3.60344,9.63623,,,
1540978754.5519443,3.60344,9.63623,,,
1540978754.6384153,3.60344,9.63623,,,
1540978754.7348478,3.60321,9.63623,0,0,0
1540978754.8306916,3.60321,9.63725,,,
1540978754.9408984,3.60321,9.63725,,,
1540978755.0526936,3.60321,9.63725,,,
1540978755.1325843,3.60291,9.63829,,,
1540978755.232492,3.60291,9.63829,,,
1540978755.3613114,3.60291,9.63829,,,
1540978755.463771,3.6026,9.63879,,,
1540978755.5365949,3.6026,9.63879,,,
1540978755.6374824,3.6026,9.63879,,,
1540978755.7501605,3.60231,9.63879,0,0,0
1540978755.8394735,3.60231,9.63983,,,
1540978755.9722998,3.60231,9.63983,,,
1540978756.0413525,3.60231,9.63983,,,
1540978756.1443348,3.60201,9.64085,,,
1540978756.2523026,3.60201,9.64085,,,
1540978756.3406093,3.60201,9.64085,,,
1540978756.4367902,3.6017,9.64163,,,
1540978756.5378408,3.6017,9.64163,,,
1540978756.6404827,3.6017,9.64163,,,
1540978756.784697,3.60139,9.64163,0,0,0
1540978756.8460782,3.60139,9.6424,,,
1540978756.9369678,3.60139,9.6424,,,
1540978757.0545015,3.60139,9.6424,,,
1540978757.1647198,3.60109,9.64291,,,
1540978757.2404835,3.60109,9.64291,,,
1540978757.3372426,3.60109,9.64291,,,
1540978757.4463067,3.60078,9.64369,,,
1540978757.5667086,3.60078,9.64369,,,
1540978757.6480582,3.60078,9.64369,,,
1540978757.7375648,3.60056,9.64369,0,0,0
1540978757.842863,3.60056,9.64471,,,
1540978757.95037,3.60056,9.64471,,,
1540978758.0406966,3.60056,9.64471,,,
1540978758.13998,3.60027,9.64549,,,
1540978758.2380643,3.60027,9.64549,,,
1540978758.3628693,3.60027,9.64549,,,
1540978758.4742627,3.59996,9.64549,,,
1540978758.540807,3.59996,9.64574,,,
1540978758.6381404,3.59996,9.64574,,,
1540978758.7529576,3.59966,9.64574,0,0,0
1540978758.8652086,3.59966,9.64677,,,
1540978758.93893,3.59966,9.64677,,,
1540978759.0387864,3.59966,9.64677,,,
1540978759.1724763,3.59935,9.64754,,,
1540978759.262318,3.59935,9.64754,,,
1540978759.3465884,3.59935,9.64754,,,
1540978759.4461143,3.59904,9.64754,,,
1540978759.5417013,3.59904,9.64857,,,
1540978759.645117,3.59904,9.64857,,,
1540978759.7505074,3.59874,9.64857,0,0,0
1540978759.8432739,3.59874,9.64883,,,
1540978759.9439666,3.59874,9.64883,,,
1540978760.058824,3.59874,9.64883,,,
1540978760.1493027,3.59845,9.6496,,,
1540978760.2538548,3.59845,9.6496,,,
1540978760.3454065,3.59845,9.6496,,,
1540978760.4538457,3.59822,9.65063,,,
1540978760.5678103,3.59822,9.65063,,,
1540978760.6448083,3.59822,9.65063,,,
1540978760.741587,3.59792,9.65063,0,0,0
1540978760.8507988,3.59792,9.65166,,,
1540978760.9602752,3.59792,9.65166,,,
1540978761.045265,3.59792,9.65166,,,
1540978761.1459072,3.59761,9.65192,,,
1540978761.2443593,3.59761,9.65192,,,
1540978761.3641708,3.59761,9.65192,,,
1540978761.454233,3.59731,9.65192,,,
1540978761.557612,3.59731,9.65269,,,
1540978761.6511128,3.59731,9.65269,,,
1540978761.7540822,3.597,9.65269,0,0,0
1540978761.8548365,3.597,9.65346,,,
1540978761.9485524,3.597,9.65346,,,
1540978762.0481021,3.597,9.65346,,,
1540978762.161569,3.59669,9.65474,,,
1540978762.2690537,3.59669,9.65474,,,
1540978762.3515925,3.59669,9.65474,,,
1540978762.4488356,3.59641,9.65474,,,
1540978762.5594964,3.59641,9.65552,,,
1540978762.660098,3.59641,9.65552,,,
1540978762.7548218,3.59641,9.65552,0,0,0
1540978762.8526564,3.5961,9.6568,,,
1540978762.9541066,3.5961,9.6568,,,
1540978763.0601337,3.5961,9.6568,,,
1540978763.1586883,3.59579,9.65758,,,
1540978763.253972,3.59579,9.65758,,,
1540978763.354215,3.59579,9.65758,,,
1540978763.4682517,3.59549,9.6581,,,
1540978763.5745306,3.59549,9.6581,,,
1540978763.6617525,3.59549,9.6581,,,
1540978763.7582102,3.59518,9.6581,0,0,0
1540978763.8660057,3.59518,9.6586,,,
1540978763.970387,3.59518,9.6586,,,
1540978764.0627983,3.59518,9.6586,,,
1540978764.1636102,3.59496,9.65964,,,
1540978764.265207,3.59496,9.65964,,,
1540978764.3625343,3.59496,9.65964,,,
1540978764.4595563,3.59465,9.65964,,,
1540978764.5587397,3.59465,9.6604,,,
1540978764.6600742,3.59465,9.6604,,,
1540978764.8428712,3.58125,10.4375,,,
1540978765.0318575,3.58125,10.4375,,,
1540978765.184823,3.52592,12.6854,,,
1540978765.335513,3.52592,12.6854,,,
1540978765.4867084,3.52328,12.6949,,,
1540978765.6457026,3.52328,12.6949,,,
1540978765.826072,3.52132,12.6949,,,
1540978765.9803383,3.52132,12.7019,,,
1540978766.137077,3.51964,12.7019,,,
1540978766.292449,3.51964,12.7075,,,
1540978766.3805592,3.51964,12.7075,0,0,0
1540978766.478407,3.5397,12.7075,0,0,0
1540978766.5920544,3.5397,11.5528,,,
1540978766.6948,3.5397,11.5528,,,
1540978766.7790465,3.58565,11.5528,0,0,0
1540978766.8750174,3.58565,9.68407,,,
1540978766.975798,3.58565,9.68407,,,
1540978767.0760581,3.58565,9.68407,,,
1540978767.1713629,3.58664,9.68176,,,
1540978767.2714527,3.58664,9.68176,,,
1540978767.372049,3.58664,9.68176,,,
1540978767.4744265,3.58701,9.68176,,,
1540978767.5753126,3.58701,9.68073,,,
1540978767.684293,3.58701,9.68073,,,
1540978767.784717,3.58723,9.68073,0,0,0
1540978767.8933995,3.58723,9.68047,,,
1540978767.9772713,3.58723,9.68047,,,
1540978768.0754187,3.58723,9.68047,,,
1540978768.1783555,3.58723,9.68021,,,
1540978768.282531,3.58723,9.68021,,,
1540978768.3797183,3.58723,9.68021,,,
1540978768.4773717,3.58723,9.68021,,,
1540978768.5800457,3.58723,9.68047,,,
1540978768.6764064,3.58723,9.68047,,,
1540978768.7782464,3.58723,9.68047,0,0,0
1540978768.8783464,3.58716,9.68047,,,
1540978768.9780736,3.58716,9.68047,,,
1540978769.0917096,3.58716,9.68047,,,
1540978769.198035,3.58708,9.68073,,,
1540978769.2830265,3.58708,9.68073,,,
1540978769.380194,3.58708,9.68073,,,
1540978769.4853108,3.58693,9.68073,,,
1540978769.591277,3.58693,9.68073,,,
1540978769.6796873,3.58693,9.68073,,,
1540978769.779336,3.58693,9.68073,0,0,0
1540978769.882786,3.58687,9.68098,,,
1540978769.996003,3.58687,9.68098,,,
1540978770.0836704,3.58687,9.68098,,,
1540978770.179774,3.58672,9.6815,,,
1540978770.2792714,3.58672,9.6815,,,
1540978770.3831062,3.58672,9.6815,,,
1540978770.4868233,3.58649,9.6815,,,
1540978770.5819428,3.58649,9.68227,,,
1540978770.681938,3.58649,9.68227,,,
1540978770.799167,3.58633,9.68227,0,0,0
1540978770.9029465,3.58633,9.68279,,,
1540978771.0092041,3.58633,9.68279,,,
1540978771.087314,3.58633,9.68279,,,
1540978771.188795,3.58611,9.6833,,,
1540978771.2986808,3.58611,9.6833,,,
1540978771.3834403,3.58611,9.6833,,,
1540978771.4842649,3.58588,9.6833,,,
1540978771.5884676,3.58588,9.68356,,,
1540978771.6886208,3.58588,9.68356,,,
1540978771.7894583,3.58588,9.68356,0,0,0
1540978771.8860831,3.58572,9.68407,,,
1540978771.984204,3.58572,9.68407,,,
1540978772.107015,3.58572,9.68407,,,
1540978772.210587,3.58549,9.68459,,,
1540978772.2907932,3.58549,9.68459,,,
1540978772.38604,3.58549,9.68459,,,
1540978772.4939697,3.58527,9.68459,,,
1540978772.5999057,3.58527,9.68536,,,
1540978772.68942,3.58527,9.68536,,,
1540978772.7843242,3.58527,9.68536,0,0,0
1540978772.8843894,3.58504,9.68613,,,
1540978772.9880667,3.58504,9.68613,,,
1540978773.089107,3.58504,9.68613,,,
1540978773.184892,3.58475,9.6869,,,
1540978773.284782,3.58475,9.6869,,,
1540978773.4044235,3.58475,9.6869,,,
1540978773.5091813,3.58452,9.6869,,,
1540978773.5895138,3.58452,9.68767,,,
1540978773.6865368,3.58452,9.68767,,,
1540978773.7952762,3.58452,9.68767,0,0,0
1540978773.9028044,3.58429,9.68793,,,
1540978773.9867613,3.58429,9.68793,,,
1540978774.0870285,3.58429,9.68793,,,
1540978774.199638,3.58406,9.68845,,,
1540978774.2982392,3.58406,9.68845,,,
1540978774.3932729,3.58406,9.68845,,,
1540978774.488682,3.58383,9.68845,,,
1540978774.5883925,3.58383,9.68921,,,
1540978774.6874738,3.58383,9.68921,,,
1540978774.7940018,3.58383,9.68921,0,0,0
1540978774.89,3.58353,9.68999,,,
1540978774.9890199,3.58353,9.68999,,,
1540978775.1002526,3.58353,9.68999,,,
1540978775.2105546,3.5833,9.68999,,,
1540978775.293223,3.5833,9.69101,,,
1540978775.38953,3.5833,9.69101,,,
1540978775.494566,3.58308,9.69101,,,
1540978775.607364,3.58308,9.69179,,,
1540978775.6936383,3.58308,9.69179,,,
1540978775.790742,3.58308,9.69179,0,0,0
1540978775.8895297,3.58278,9.69257,,,
1540978775.9930296,3.58278,9.69257,,,
1540978776.0916114,3.58278,9.69257,,,
1540978776.1989698,3.58255,9.69257,,,
1540978776.2919333,3.58255,9.69307,,,
1540978776.4111655,3.58255,9.69307,,,
1540978776.5125601,3.58232,9.69307,,,
1540978776.5944538,3.58232,9.69333,,,
1540978776.6939783,3.58232,9.69333,,,
1540978776.802548,3.58232,9.69333,0,0,0
1540978776.9076807,3.58202,9.69411,,,
1540978776.9936514,3.58202,9.69411,,,
1540978777.091134,3.58202,9.69411,,,
1540978777.194501,3.58179,9.69411,,,
1540978777.2957366,3.58179,9.69513,,,
1540978777.3908725,3.58179,9.69513,,,
1540978777.4915183,3.58148,9.69513,,,
1540978777.592117,3.58148,9.69591,,,
1540978777.6932425,3.58148,9.69591,,,
1540978777.7930253,3.58148,9.69591,0,0,0
1540978777.891144,3.58125,9.69667,,,
1540978777.9922416,3.58125,9.69667,,,
1540978778.1059864,3.58125,9.69667,,,
1540978778.2134724,3.58096,9.69667,,,
1540978778.294002,3.58096,9.69693,,,
1540978778.393338,3.58096,9.69693,,,
1540978778.5014307,3.58073,9.69693,,,
1540978778.6086092,3.58073,9.69745,,,
1540978778.695923,3.58073,9.69745,,,
1540978778.7959032,3.58073,9.69745,0,0,0
1540978778.9191616,3.58051,9.69847,,,
1540978779.0051374,3.58051,9.69847,,,
1540978779.0969117,3.58051,9.69847,,,
1540978779.1971338,3.5802,9.69847,,,
1540978779.2957308,3.5802,9.69925,,,
1540978779.3980665,3.5802,9.69925,,,
1540978779.49777,3.5802,9.69925,,,
1540978779.5953767,3.5799,9.70001,,,
1540978779.695345,3.5799,9.70001,,,
1540978779.8119953,3.5799,9.70001,0,0,0
1540978779.9167202,3.57967,9.70027,,,
1540978780.003358,3.57967,9.70027,,,
1540978780.101106,3.57967,9.70027,,,
1540978780.2057457,3.57936,9.70027,,,
1540978780.3142278,3.57936,9.70079,,,
1540978780.4054801,3.57936,9.70079,,,
1540978780.5016015,3.57915,9.70079,,,
1540978780.6008165,3.57915,9.70181,,,
1540978780.7070472,3.57915,9.70181,,,
1540978780.803271,3.57915,9.70181,0,0,0
1540978780.900036,3.57884,9.70285,,,
1540978781.0042288,3.57884,9.70285,,,
1540978781.1414487,3.57884,9.70285,,,
1540978781.2277262,3.57861,9.70285,,,
1540978781.3064826,3.57861,9.70361,,,
1540978781.403567,3.57861,9.70361,,,
1540978781.5104725,3.57831,9.70361,,,
1540978781.6172972,3.57831,9.70413,,,
1540978781.7133422,3.57831,9.70413,0,0,0
1540978781.8067083,3.57831,9.70413,,,
1540978781.9081697,3.578,9.70465,,,
1540978782.018816,3.578,9.70465,,,
1540978782.1134088,3.578,9.70465,,,
1540978782.208531,3.57777,9.70465,,,
1540978782.3083615,3.57777,9.70567,,,
1540978782.4161217,3.57777,9.70567,,,
1540978782.5045815,3.57777,9.70567,,,
1540978782.6340535,3.57747,9.70645,,,
1540978782.7132196,3.57747,9.70645,0,0,0
1540978782.8070831,3.57747,9.70645,,,
1540978782.9101868,3.57718,9.70747,,,
1540978783.0072322,3.57718,9.70747,,,
1540978783.108604,3.57718,9.70747,,,
1540978783.2198622,3.57695,9.70747,,,
1540978783.3293025,3.57695,9.70825,,,
1540978783.4122016,3.57695,9.70825,,,
1540978783.5081916,3.57695,9.70825,,,
1540978783.6149642,3.57664,9.70901,,,
1540978783.7268429,3.57664,9.70901,0,0,0
1540978783.8113008,3.57664,9.70901,,,
1540978783.9118369,3.57642,9.70927,,,
1540978784.016466,3.57642,9.70927,,,
1540978784.1390424,3.57642,9.70927,,,
1540978784.213083,3.57611,9.70927,,,
1540978784.3093116,3.57611,9.71005,,,
1540978784.4159284,3.57611,9.71005,,,
1540978784.5140145,3.57611,9.71005,,,
1540978784.6135805,3.57581,9.71107,,,
1540978784.7125344,3.57581,9.71107,,,
1540978784.814717,3.57581,9.71107,0,0,0
1540978784.9314141,3.57558,9.71185,,,
1540978785.0365565,3.57558,9.71185,,,
1540978785.116287,3.57558,9.71185,,,
1540978785.2126095,3.57529,9.71185,,,
1540978785.3202617,3.57529,9.71288,,,
1540978785.4293118,3.57529,9.71288,,,
1540978785.5121982,3.57529,9.71288,,,
1540978785.610673,3.57498,9.71339,,,
1540978785.71948,3.57498,9.71339,,,
1540978785.8195496,3.57498,9.71339,0,0,0
1540978785.909815,3.57475,9.71391,,,
1540978786.011007,3.57475,9.71391,,,
1540978786.111695,3.57475,9.71391,,,
1540978786.2118487,3.57445,9.71391,,,
1540978786.3155572,3.57445,9.71468,,,
1540978786.4119234,3.57445,9.71468,,,
1540978786.513625,3.57445,9.71468,,,
1540978786.6241786,3.57414,9.71571,,,
1540978786.7291515,3.57414,9.71571,0,0,0
1540978786.819211,3.57414,9.71571,,,
1540978786.9149313,3.57391,9.71571,,,
1540978787.012559,3.57391,9.71622,,,
1540978787.1290681,3.57391,9.71622,,,
1540978787.212158,3.57361,9.71622,,,
1540978787.3120713,3.57361,9.71674,,,
1540978787.412718,3.57361,9.71674,,,
1540978787.517369,3.57361,9.71674,,,
1540978787.6226044,3.57339,9.71751,,,
1540978787.7361417,3.57339,9.71751,0,0,0
1540978787.8327394,3.57339,9.71751,,,
1540978787.9317985,3.57309,9.71854,,,
1540978788.0403676,3.57309,9.71854,,,
1540978788.1236684,3.57309,9.71854,,,
1540978788.2195318,3.57278,9.71854,,,
1540978788.3271239,3.57278,9.71931,,,
1540978788.4339077,3.57278,9.71931,,,
1540978788.5188224,3.57278,9.71931,,,
1540978788.6193774,3.57248,9.72034,,,
1540978788.7222483,3.57248,9.72034,0,0,0
1540978788.8247738,3.57248,9.72034,,,
1540978788.923896,3.57225,9.72034,,,
1540978789.0206056,3.57225,9.7206,,,
1540978789.1196826,3.57225,9.7206,,,
1540978789.2197635,3.57195,9.7206,,,
1540978789.3461597,3.57195,9.72112,,,
1540978789.424725,3.57195,9.72112,,,
1540978789.5226371,3.57195,9.72112,,,
1540978789.6311967,3.57164,9.72214,,,
1540978789.7354724,3.57164,9.72214,0,0,0
1540978789.8243287,3.57164,9.72214,,,
1540978789.9228916,3.57143,9.72214,,,
1540978790.0216842,3.57143,9.72292,,,
1540978790.1243174,3.57143,9.72292,,,
1540978790.2247095,3.57112,9.72292,,,
1540978790.3237073,3.57112,9.72368,,,
1540978790.4232047,3.57112,9.72368,,,
1540978790.5402586,3.57112,9.72368,,,
1540978790.6200466,3.57082,9.7242,,,
1540978790.7198842,3.57082,9.7242,0,0,0
1540978790.8206449,3.57082,9.7242,,,
1540978790.9311578,3.57051,9.72574,,,
1540978791.0366714,3.57051,9.72574,,,
1540978791.1227698,3.57051,9.72574,,,
1540978791.2283297,3.57028,9.72574,,,
1540978791.3254337,3.57028,9.726,,,
1540978791.4281447,3.57028,9.726,,,
1540978791.5235195,3.57028,9.726,,,
1540978791.6234124,3.56998,9.72678,,,
1540978791.7224088,3.56998,9.72678,0,0,0
1540978791.8290367,3.56998,9.72678,,,
1540978791.9250212,3.56967,9.72678,,,
1540978792.0230186,3.56967,9.7278,,,
1540978792.1212604,3.56967,9.7278,,,
1540978792.2364988,3.56938,9.7278,,,
1540978792.343871,3.56938,9.72884,,,
1540978792.4230094,3.56938,9.72884,,,
1540978792.522037,3.56938,9.72884,,,
1540978792.6266422,3.56915,9.7296,,,
1540978792.7367508,3.56915,9.7296,0,0,0
1540978792.8227499,3.56915,9.7296,,,
1540978792.9222355,3.56885,9.7296,,,
1540978793.0230052,3.56885,9.73012,,,
1540978793.128031,3.56885,9.73012,,,
1540978793.2236316,3.56885,9.73012,,,
1540978793.3249016,3.56854,9.73064,,,
1540978793.4255214,3.56854,9.73064,,,
1540978793.524138,3.56854,9.73064,,,
1540978793.6255007,3.56831,9.73166,,,
1540978793.7252498,3.56831,9.73166,0,0,0
1540978793.8256335,3.56831,9.73166,,,
1540978793.9369023,3.56801,9.73166,,,
1540978794.0470567,3.56801,9.73244,,,
1540978794.1261349,3.56801,9.73244,,,
1540978794.226249,3.56801,9.73244,,,
1540978794.3308532,3.5677,9.73294,,,
1540978794.4417713,3.5677,9.73294,,,
1540978794.526005,3.5677,9.73294,,,
1540978794.6260047,3.56749,9.73346,,,
1540978794.72688,3.56749,9.73346,0,0,0
1540978794.8333697,3.56749,9.73346,,,
1540978794.9260106,3.56718,9.73346,,,
1540978795.0265012,3.56718,9.73424,,,
1540978795.127248,3.56718,9.73424,,,
1540978795.2280488,3.56718,9.73424,,,
1540978795.3296418,3.56688,9.73526,,,
1540978795.4292839,3.56688,9.73526,,,
1540978795.529286,3.56688,9.73526,,,
1540978795.638731,3.56657,9.73628,,,
1540978795.7489576,3.56657,9.73628,0,0,0
1540978795.8298676,3.56657,9.73628,,,
1540978795.9294665,3.56635,9.73628,,,
1540978796.034908,3.56635,9.73706,,,
1540978796.1398222,3.56635,9.73706,,,
1540978796.2299817,3.56635,9.73706,,,
1540978796.330472,3.56604,9.73732,,,
1540978796.4306095,3.56604,9.73732,,,
1540978796.535458,3.56604,9.73732,,,
1540978796.631349,3.56575,9.73808,,,
1540978796.7311883,3.56575,9.73808,0,0,0
1540978796.8308463,3.56575,9.73808,,,
1540978796.9452217,3.56552,9.73808,,,
1540978797.04985,3.56552,9.73912,,,
1540978797.1331453,3.56552,9.73912,,,
1540978797.2318213,3.56552,9.73912,,,
1540978797.3340256,3.56522,9.74014,,,
1540978797.439134,3.56522,9.74014,,,
1540978797.5323908,3.56522,9.74014,,,
1540978797.632458,3.56491,9.74092,,,
1540978797.73283,3.56491,9.74092,0,0,0
1540978797.8396955,3.56491,9.74092,,,
1540978797.9337392,3.56461,9.74092,,,
1540978798.0325654,3.56461,9.74144,,,
1540978798.1346836,3.56461,9.74144,,,
1540978798.250263,3.56461,9.74144,,,
1540978798.358189,3.5643,9.74246,,,
1540978798.4380822,3.5643,9.74246,,,
1540978798.5333312,3.5643,9.74246,,,
1540978798.6418808,3.56407,9.74348,,,
1540978798.749216,3.56407,9.74348,0,0,0
1540978798.833447,3.56407,9.74348,,,
1540978798.933863,3.56378,9.74348,,,
1540978799.0463595,3.56378,9.744,,,
1540978799.15704,3.56378,9.744,,,
1540978799.2476134,3.56378,9.744,,,
1540978799.3348658,3.56348,9.74478,,,
1540978799.4439185,3.56348,9.74478,,,
1540978799.554837,3.56348,9.74478,,,
1540978799.6382189,3.56317,9.74478,,,
1540978799.7362874,3.56317,9.7458,0,0,0
1540978799.839157,3.56317,9.7458,,,
1540978799.9456372,3.56287,9.7458,,,
1540978800.0547686,3.56287,9.74632,,,
1540978800.1489031,3.56287,9.74632,,,
1540978800.2455785,3.56287,9.74632,,,
1540978800.3392365,3.56264,9.74684,,,
1540978800.4570715,3.56264,9.74684,,,
1540978800.5445402,3.56264,9.74684,,,
1540978800.6444454,3.56233,9.74684,,,
1540978800.7436101,3.56233,9.7476,0,0,0
1540978800.8632612,3.56233,9.7476,,,
1540978800.9695132,3.56203,9.7476,,,
1540978801.051078,3.56203,9.74864,,,
1540978801.151125,3.56203,9.74864,,,
1540978801.2559683,3.56203,9.74864,,,
1540978801.3756974,3.56174,9.74966,,,
1540978801.4632812,3.56174,9.74966,,,
1540978801.5451965,3.56174,9.74966,,,
1540978801.6475706,3.56151,9.74966,,,
1540978801.7517805,3.56151,9.75044,0,0,0
1540978801.8494244,3.56151,9.75044,,,
1540978801.9483995,3.5612,9.75044,,,
1540978802.0484295,3.5612,9.75069,,,
1540978802.170315,3.5612,9.75069,,,
1540978802.272723,3.5612,9.75069,,,
1540978802.3521416,3.5609,9.75172,,,
1540978802.4514952,3.5609,9.75172,,,
1540978802.5559049,3.5609,9.75172,,,
1540978802.6671228,3.56059,9.75172,,,
1540978802.7464116,3.56059,9.75249,0,0,0
1540978802.848318,3.56059,9.75249,,,
1540978802.9506214,3.56029,9.75249,,,
1540978803.0572734,3.56029,9.75352,,,
1540978803.1526515,3.56029,9.75352,,,
1540978803.2477233,3.56029,9.75352,,,
1540978803.3510826,3.56,9.75429,,,
1540978803.4546669,3.56,9.75429,,,
1540978803.5506647,3.56,9.75429,,,
1540978803.6508193,3.55977,9.75429,,,
1540978803.7523377,3.55977,9.75481,0,0,0
1540978803.8808362,3.55977,9.75481,,,
1540978803.9720092,3.55946,9.75481,,,
1540978804.0554316,3.55946,9.75533,,,
1540978804.1513147,3.55946,9.75533,,,
1540978804.2582734,3.55946,9.75533,,,
1540978804.3725655,3.55916,9.75635,,,
1540978804.457528,3.55916,9.75635,,,
1540978804.5526927,3.55916,9.75635,,,
1540978804.652957,3.55885,9.75635,,,
1540978804.7565947,3.55885,9.75739,0,0,0
1540978804.8564625,3.55885,9.75739,,,
1540978804.9533403,3.55862,9.75739,,,
1540978805.052425,3.55862,9.75789,,,
1540978805.1725447,3.55862,9.75789,,,
1540978805.2784147,3.55862,9.75789,,,
1540978805.3530407,3.55832,9.75841,,,
1540978805.4593801,3.55832,9.75841,,,
1540978805.5550582,3.55832,9.75841,,,
1540978805.6620765,3.55803,9.75841,,,
1540978805.7561688,3.55803,9.75919,0,0,0
1540978805.884592,3.55803,9.75919,,,
1540978805.9615536,3.55772,9.75919,,,
1540978806.0568092,3.55772,9.76021,,,
1540978806.159683,3.55772,9.76021,,,
1540978806.256154,3.55772,9.76021,,,
1540978806.3541834,3.55742,9.76125,,,
1540978806.4719236,3.55742,9.76125,,,
1540978806.578925,3.55742,9.76125,,,
1540978806.660181,3.55711,9.76125,,,
1540978806.7557983,3.55711,9.76227,0,0,0
1540978806.863676,3.55711,9.76227,,,
1540978806.9712763,3.55688,9.76227,,,
1540978807.059918,3.55688,9.76329,,,
1540978807.159401,3.55688,9.76329,,,
1540978807.2538683,3.55688,9.76329,,,
1540978807.36053,3.55658,9.76381,,,
1540978807.4591587,3.55658,9.76381,,,
1540978807.5514386,3.55658,9.76381,,,
1540978807.6552916,3.55627,9.76381,,,
1540978807.7805464,3.55627,9.76433,0,0,0
1540978807.8798761,3.55627,9.76433,,,
1540978807.9632993,3.55627,9.76433,,,
1540978808.0842083,3.55598,9.76509,,,
1540978808.1638904,3.55598,9.76509,,,
1540978808.2730505,3.55598,9.76509,,,
1540978808.3519351,3.55568,9.76613,,,
1540978808.4565742,3.55568,9.76613,,,
1540978808.5620356,3.55568,9.76613,,,
1540978808.6618001,3.55537,9.76613,,,
1540978808.7624764,3.55537,9.76715,0,0,0
1540978808.8915079,3.55537,9.76715,,,
1540978808.9625254,3.55537,9.76715,,,
1540978809.0852025,3.55507,9.76793,,,
1540978809.1613047,3.55507,9.76793,,,
1540978809.2576568,3.55507,9.76793,,,
1540978809.3589442,3.55484,9.76845,,,
1540978809.4743948,3.55484,9.76845,,,
1540978809.577571,3.55484,9.76845,,,
1540978809.7018354,3.55453,9.76845,,,
1540978809.7645023,3.55453,9.76895,0,0,0
1540978809.8678696,3.55453,9.76895,,,
1540978809.964811,3.55453,9.76895,,,
1540978810.0650866,3.55424,9.76999,,,
1540978810.1601722,3.55424,9.76999,,,
1540978810.2618093,3.55424,9.76999,,,
1540978810.385103,3.55402,9.77075,,,
1540978810.471482,3.55402,9.77075,,,
1540978810.564155,3.55402,9.77075,,,
1540978810.6630256,3.55371,9.77075,,,
1540978810.7795076,3.55371,9.77127,0,0,0
1540978810.8852444,3.55371,9.77127,,,
1540978810.9649854,3.55371,9.77127,,,
1540978811.0669339,3.55341,9.77179,,,
1540978811.2036617,3.55341,9.77179,,,
1540978811.2799463,3.55341,9.77179,,,
1540978811.364875,3.5531,9.77281,,,
1540978811.4622233,3.5531,9.77281,,,
1540978811.5659544,3.5531,9.77281,,,
1540978811.6751761,3.5528,9.77281,,,
1540978811.7685533,3.5528,9.77385,0,0,0
1540978811.8650143,3.5528,9.77385,,,
1540978811.9972298,3.5528,9.77385,,,
1540978812.0913858,3.55249,9.77487,,,
1540978812.1881971,3.55249,9.77487,,,
1540978812.2697763,3.55249,9.77487,,,
1540978812.373157,3.55228,9.77539,,,
1540978812.473729,3.55228,9.77539,,,
1540978812.5778081,3.55228,9.77539,,,
1540978812.6701922,3.55197,9.77539,,,
1540978812.7989523,3.55197,9.77565,0,0,0
1540978812.8877003,3.55197,9.77565,,,
1540978812.9775355,3.55197,9.77565,,,
1540978813.0662506,3.55167,9.77667,,,
1540978813.172924,3.55167,9.77667,,,
1540978813.268614,3.55167,9.77667,,,
1540978813.3897057,3.55136,9.77769,,,
1540978813.496916,3.55136,9.77769,,,
1540978813.5999672,3.55136,9.77769,,,
1540978813.6859474,3.55106,9.77769,,,
1540978813.7742019,3.55106,9.77873,0,0,0
1540978813.8856773,3.55106,9.77873,,,
1540978813.9754114,3.55106,9.77873,,,
1540978814.070622,3.55075,9.77975,,,
1540978814.1771197,3.55075,9.77975,,,
1540978814.28891,3.55075,9.77975,,,
1540978814.380032,3.55052,9.77975,,,
1540978814.4718297,3.55052,9.78079,,,
1540978814.5761108,3.55052,9.78079,,,
1540978814.6799905,3.55023,9.78079,,,
1540978814.7746463,3.55023,9.7813,0,0,0
1540978814.8692698,3.55023,9.7813,,,
1540978814.9772165,3.55023,9.7813,,,
1540978815.1125305,3.54993,9.78181,,,
1540978815.2065969,3.54993,9.78181,,,
1540978815.2737184,3.54993,9.78181,,,
1540978815.3837845,3.54962,9.78181,,,
1540978815.4941564,3.54962,9.78259,,,
1540978815.5940406,3.54962,9.78259,,,
1540978815.6754277,3.54932,9.78259,,,
1540978815.7769554,3.54932,9.78362,0,0,0
1540978815.8928063,3.54932,9.78362,,,
1540978815.9996927,3.54932,9.78362,,,
1540978816.0791254,3.54901,9.78465,,,
1540978816.1773071,3.54901,9.78465,,,
1540978816.2780902,3.54901,9.78465,,,
1540978816.4010715,3.54871,9.78542,,,
1540978816.4849916,3.54871,9.78542,,,
1540978816.584124,3.54871,9.78542,,,
1540978816.6833396,3.54842,9.78542,,,
1540978816.80841,3.54842,9.78568,0,0,0
1540978816.9015508,3.54842,9.78568,,,
1540978816.9818447,3.54842,9.78568,,,
1540978817.081702,3.54819,9.7867,,,
1540978817.1846936,3.54819,9.7867,,,
1540978817.2890565,3.54819,9.7867,,,
1540978817.3792326,3.54788,9.7867,,,
1540978817.4781187,3.54788,9.78748,,,
1540978817.5849285,3.54788,9.78748,,,
1540978817.6846967,3.54758,9.78748,,,
1540978817.787882,3.54758,9.78876,0,0,0
1540978817.8772461,3.54758,9.78876,,,
1540978817.9810944,3.54758,9.78876,,,
1540978818.096351,3.54727,9.78928,,,
1540978818.2214243,3.54727,9.78928,,,
1540978818.3162093,3.54727,9.78928,,,
1540978818.3812656,3.54697,9.78928,,,
1540978818.489228,3.54697,9.78979,,,
1540978818.5978673,3.54697,9.78979,,,
1540978818.6820545,3.54697,9.78979,,,
1540978818.7839339,3.54674,9.79056,0,0,0
1540978818.881578,3.54674,9.79056,,,
1540978818.9901054,3.54674,9.79056,,,
1540978819.0856378,3.54645,9.79134,,,
1540978819.1885867,3.54645,9.79134,,,
1540978819.2854512,3.54645,9.79134,,,
1540978819.413443,3.54614,9.79236,,,
1540978819.5157516,3.54614,9.79236,,,
1540978819.5903363,3.54614,9.79236,,,
1540978819.6864896,3.54614,9.79236,,,
1540978819.8026404,3.54584,9.79288,0,0,0
1540978819.9028978,3.54584,9.79288,,,
1540978819.984548,3.54584,9.79288,,,
1540978820.0864522,3.54553,9.7934,,,
1540978820.1878211,3.54553,9.7934,,,
1540978820.2906246,3.54553,9.7934,,,
1540978820.3825653,3.5453,9.7934,,,
1540978820.4847972,3.5453,9.79442,,,
1540978820.5881526,3.5453,9.79442,,,
1540978820.7057412,3.545,9.79442,,,
1540978820.7893686,3.545,9.7952,0,0,0
1540978820.88561,3.545,9.7952,,,
1540978820.9831786,3.545,9.7952,,,
1540978821.0967538,3.54469,9.79622,,,
1540978821.2083046,3.54469,9.79622,,,
1540978821.2856417,3.54469,9.79622,,,
1540978821.3884256,3.5444,9.79622,,,
1540978821.492099,3.5444,9.79726,,,
1540978821.6040015,3.5444,9.79726,,,
1540978821.6871846,3.5444,9.79726,,,
1540978821.7853086,3.5441,9.79828,0,0,0
1540978821.8921912,3.5441,9.79828,,,
1540978822.004341,3.5441,9.79828,,,
1540978822.087846,3.54387,9.79906,,,
1540978822.1857002,3.54387,9.79906,,,
1540978822.289553,3.54387,9.79906,,,
1540978822.4035652,3.54356,9.79906,,,
1540978822.4958327,3.54356,9.79932,,,
1540978822.590656,3.54356,9.79932,,,
1540978822.6909454,3.54356,9.79932,,,
1540978822.794214,3.54326,9.80034,0,0,0
1540978822.888967,3.54326,9.80034,,,
1540978822.9880903,3.54326,9.80034,,,
1540978823.095543,3.54295,9.80112,,,
1540978823.194517,3.54295,9.80112,,,
1540978823.3337843,3.54295,9.80112,,,
1540978823.3972998,3.54266,9.80112,,,
1540978823.4922025,3.54266,9.80214,,,
1540978823.618397,3.54266,9.80214,,,
1540978823.6942692,3.54266,9.80214,0,0,0
1540978823.7903304,3.54236,9.80292,,,
1540978823.8904622,3.54236,9.80292,,,
1540978824.007839,3.54236,9.80292,,,
1540978824.1077638,3.54213,9.80342,,,
1540978824.1997359,3.54213,9.80342,,,
1540978824.2979815,3.54213,9.80342,,,
1540978824.398357,3.54182,9.80342,,,
1540978824.501344,3.54182,9.80394,,,
1540978824.593723,3.54182,9.80394,,,
1540978824.6935058,3.54182,9.80394,,,
1540978824.7990713,3.54152,9.80522,0,0,0
1540978824.914146,3.54152,9.80522,,,
1540978824.9983394,3.54152,9.80522,,,
1540978825.094379,3.54121,9.80522,,,
1540978825.1916673,3.54121,9.806,,,
1540978825.3018417,3.54121,9.806,,,
1540978825.4131153,3.54091,9.806,,,
1540978825.5253267,3.54091,9.80702,,,
1540978825.6042316,3.54091,9.80702,,,
1540978825.69653,3.54091,9.80702,,,
1540978825.796914,3.5407,9.80728,0,0,0
1540978825.8952866,3.5407,9.80728,,,
1540978825.99541,3.5407,9.80728,,,
1540978826.0980794,3.54039,9.80728,,,
1540978826.2159095,3.54039,9.80806,,,
1540978826.331211,3.54039,9.80806,,,
1540978826.4089572,3.54008,9.80806,,,
1540978826.499439,3.54008,9.80908,,,
1540978826.6091995,3.54008,9.80908,,,
1540978826.715952,3.54008,9.80908,,,
1540978826.7986488,3.53978,9.80986,0,0,0
1540978826.8997853,3.53978,9.80986,,,
1540978827.0003133,3.53978,9.80986,,,
1540978827.1209497,3.53947,9.80986,,,
1540978827.2077506,3.53947,9.81088,,,
1540978827.2990997,3.53947,9.81088,,,
1540978827.405247,3.53917,9.81088,,,
1540978827.4993045,3.53917,9.8114,,,
1540978827.6036363,3.53917,9.8114,,,
1540978827.7024004,3.53917,9.8114,,,
1540978827.8018892,3.53894,9.81192,0,0,0
1540978827.9162822,3.53894,9.81192,,,
1540978828.0206003,3.53894,9.81192,,,
1540978828.102521,3.53865,9.81192,,,
1540978828.1993277,3.53865,9.81294,,,
1540978828.3057683,3.53865,9.81294,,,
1540978828.4097924,3.53835,9.81294,,,
1540978828.5040317,3.53835,9.81396,,,
1540978828.6092858,3.53835,9.81396,,,
1540978828.7025244,3.53835,9.81396,,,
1540978828.80457,3.53804,9.815,0,0,0
1540978828.901912,3.53804,9.815,,,
1540978829.001292,3.53804,9.815,,,
1540978829.1066906,3.53773,9.815,,,
1540978829.222751,3.53773,9.81602,,,
1540978829.342347,3.53773,9.81602,,,
1540978829.4221478,3.53743,9.81602,,,
1540978829.5061028,3.53743,9.8168,,,
1540978829.6065083,3.53743,9.8168,,,
1540978829.7116451,3.53743,9.8168,,,
1540978829.8066354,3.53712,9.81757,0,0,0
1540978829.906112,3.53712,9.81757,,,
1540978830.0033937,3.53712,9.81757,,,
1540978830.1072378,3.53691,9.81757,,,
1540978830.2043808,3.53691,9.81808,,,
1540978830.3041215,3.53691,9.81808,,,
1540978830.4064727,3.53691,9.81808,,,
1540978830.5246077,3.53661,9.81886,,,
1540978830.6099865,3.53661,9.81886,,,
1540978830.7047741,3.53661,9.81886,,,
1540978830.8081598,3.5363,9.81989,0,0,0
1540978830.9193482,3.5363,9.81989,,,
1540978831.0251732,3.5363,9.81989,,,
1540978831.1118944,3.536,9.81989,,,
1540978831.211286,3.536,9.82092,,,
1540978831.3108838,3.536,9.82092,,,
1540978831.4116948,3.53569,9.82092,,,
1540978831.5081298,3.53569,9.82143,,,
1540978831.607732,3.53569,9.82143,,,
1540978831.7107694,3.53569,9.82143,,,
1540978831.828151,3.53539,9.82195,0,0,0
1540978831.9366934,3.53539,9.82195,,,
1540978832.0133774,3.53539,9.82195,,,
1540978832.1076934,3.53516,9.82195,,,
1540978832.2242572,3.53516,9.82272,,,
1540978832.3299086,3.53516,9.82272,,,
1540978832.412878,3.53516,9.82272,,,
1540978832.521688,3.53487,9.82375,,,
1540978832.6208694,3.53487,9.82375,,,
1540978832.7197192,3.53487,9.82375,0,0,0
1540978832.8131313,3.53456,9.82477,,,
1540978832.9113626,3.53456,9.82477,,,
1540978833.0083761,3.53456,9.82477,,,
1540978833.1134808,3.53426,9.82477,,,
1540978833.209477,3.53426,9.82555,,,
1540978833.3100274,3.53426,9.82555,,,
1540978833.4115117,3.53426,9.82555,,,
1540978833.5298016,3.53395,9.82607,,,
1540978833.614119,3.53395,9.82607,,,
1540978833.7098875,3.53395,9.82607,,,
1540978833.8369427,3.53365,9.82683,0,0,0
1540978833.9260201,3.53365,9.82683,,,
1540978834.0325928,3.53365,9.82683,,,
1540978834.1167338,3.53334,9.82683,,,
1540978834.2185955,3.53334,9.82761,,,
1540978834.320129,3.53334,9.82761,,,
1540978834.4197876,3.53334,9.82761,,,
1540978834.5136163,3.53305,9.82863,,,
1540978834.6135535,3.53305,9.82863,,,
1540978834.7122476,3.53305,9.82863,,,
1540978834.8143647,3.53282,9.82941,0,0,0
1540978834.911227,3.53282,9.82941,,,
1540978835.0109417,3.53282,9.82941,,,
1540978835.1162546,3.53252,9.82941,,,
1540978835.2312357,3.53252,9.82993,,,
1540978835.3178413,3.53252,9.82993,,,
1540978835.4129589,3.53252,9.82993,,,
1540978835.5152104,3.53221,9.83121,,,
1540978835.6213236,3.53221,9.83121,,,
1540978835.7324383,3.53221,9.83121,0,0,0
1540978835.81957,3.53191,9.83197,,,
1540978835.917482,3.53191,9.83197,,,
1540978836.0496547,3.53191,9.83197,,,
1540978836.1354256,3.5316,9.83197,,,
1540978836.2173574,3.5316,9.83249,,,
1540978836.3182359,3.5316,9.83249,,,
1540978836.418241,3.5316,9.83249,,,
1540978836.521599,3.5313,9.83353,,,
1540978836.6178644,3.5313,9.83353,,,
1540978836.7211103,3.5313,9.83353,0,0,0
1540978836.8146012,3.53101,9.83353,,,
1540978836.9200861,3.53101,9.83455,,,
1540978837.0265682,3.53101,9.83455,,,
1540978837.118878,3.5307,9.83455,,,
1540978837.2235014,3.5307,9.83557,,,
1540978837.331362,3.5307,9.83557,,,
1540978837.4183726,3.5307,9.83557,,,
1540978837.5173612,3.53047,9.83609,,,
1540978837.6210666,3.53047,9.83609,,,
1540978837.7285724,3.53047,9.83609,0,0,0
1540978837.8394055,3.53017,9.83609,,,
1540978837.9191148,3.53017,9.83661,,,
1540978838.0209317,3.53017,9.83661,,,
1540978838.1235719,3.52986,9.83661,,,
1540978838.2282145,3.52986,9.83737,,,
1540978838.3198366,3.52986,9.83737,,,
1540978838.4195826,3.52986,9.83737,,,
1540978838.5192764,3.52956,9.83841,,,
1540978838.6200023,3.52956,9.83841,,,
1540978838.7267,3.52956,9.83841,0,0,0
1540978838.8189902,3.52933,9.83841,,,
1540978838.9194386,3.52933,9.83943,,,
1540978839.0333054,3.52933,9.83943,,,
1540978839.1393301,3.52904,9.83943,,,
1540978839.2216375,3.52904,9.83995,,,
1540978839.3227465,3.52904,9.83995,,,
1540978839.4231896,3.52904,9.83995,,,
1540978839.527296,3.52873,9.84047,,,
1540978839.6483817,3.52873,9.84047,,,
1540978839.7309878,3.52873,9.84047,0,0,0
1540978839.825508,3.52843,9.84047,,,
1540978839.945304,3.52843,9.84123,,,
1540978840.0215926,3.52843,9.84123,,,
1540978840.1267664,3.52812,9.84123,,,
1540978840.2229455,3.52812,9.84227,,,
1540978840.334075,3.52812,9.84227,,,
1540978840.4445093,3.52812,9.84227,,,
1540978840.5273292,3.52782,9.84329,,,
1540978840.6305156,3.52782,9.84329,,,
1540978840.7305624,3.52782,9.84329,0,0,0
1540978840.833459,3.52751,9.84329,,,
1540978840.9264867,3.52751,9.84407,,,
1540978841.0368397,3.52751,9.84407,,,
1540978841.1439996,3.5273,9.84407,,,
1540978841.2357874,3.5273,9.84457,,,
1540978841.3288836,3.5273,9.84457,,,
1540978841.4284568,3.5273,9.84457,,,
1540978841.5255737,3.52699,9.84535,,,
1540978841.641068,3.52699,9.84535,,,
1540978841.7496128,3.52699,9.84535,0,0,0
1540978841.8302765,3.52669,9.84535,,,
1540978841.9290922,3.52669,9.84637,,,
1540978842.0341458,3.52669,9.84637,,,
1540978842.1477847,3.52638,9.84637,,,
1540978842.2294078,3.52638,9.84741,,,
1540978842.329649,3.52638,9.84741,,,
1540978842.432281,3.52638,9.84741,,,
1540978842.5338652,3.52608,9.84818,,,
1540978842.6453185,3.52608,9.84818,,,
1540978842.7431893,3.52608,9.84818,0,0,0
1540978842.828744,3.52577,9.84818,,,
1540978842.957035,3.52577,9.84921,,,
1540978843.0558085,3.52577,9.84921,,,
1540978843.1323195,3.52577,9.84921,,,
1540978843.2281091,3.52547,9.84998,,,
1540978843.346602,3.52547,9.84998,,,
1540978843.4524117,3.52547,9.84998,,,
1540978843.5338135,3.52525,9.85049,,,
1540978843.6379938,3.52525,9.85049,,,
1540978843.7388415,3.52525,9.85049,0,0,0
1540978843.8477302,3.52495,9.85049,,,
1540978843.9324172,3.52495,9.85127,,,
1540978844.031797,3.52495,9.85127,,,
1540978844.1330352,3.52495,9.85127,,,
1540978844.2451484,3.52464,9.85229,,,
1540978844.333059,3.52464,9.85229,,,
1540978844.4332736,3.52464,9.85229,,,
1540978844.5338418,3.52434,9.85307,,,
1540978844.639134,3.52434,9.85307,,,
1540978844.735139,3.52434,9.85307,0,0,0
1540978844.8385828,3.52403,9.85307,,,
1540978844.9586685,3.52403,9.8541,,,
1540978845.0568113,3.52403,9.8541,,,
1540978845.1593218,3.52373,9.8541,,,
1540978845.2424684,3.52373,9.85461,,,
1540978845.338429,3.52373,9.85461,,,
1540978845.4441512,3.52373,9.85461,,,
1540978845.5534003,3.52344,9.85538,,,
1540978845.63641,3.52344,9.85538,,,
1540978845.7400565,3.52344,9.85538,0,0,0
1540978845.8402443,3.52313,9.85538,,,
1540978845.9413378,3.52313,9.85616,,,
1540978846.0380104,3.52313,9.85616,,,
1540978846.1357841,3.52313,9.85616,,,
1540978846.2371407,3.52283,9.85718,,,
1540978846.3615582,3.52283,9.85718,,,
1540978846.4645967,3.52283,9.85718,,,
1540978846.5444937,3.52252,9.85822,,,
1540978846.6408665,3.52252,9.85822,,,
1540978846.7499902,3.52252,9.85822,0,0,0
1540978846.8595853,3.52229,9.85822,,,
1540978846.9431446,3.52229,9.85873,,,
1540978847.0404027,3.52229,9.85873,,,
1540978847.1481283,3.52229,9.85873,,,
1540978847.2587473,3.52199,9.85924,,,
1540978847.3395405,3.52199,9.85924,,,
1540978847.4390023,3.52199,9.85924,,,
1540978847.5390298,3.52168,9.86028,,,
1540978847.6434054,3.52168,9.86028,,,
1540978847.7408168,3.52168,9.86028,0,0,0
1540978847.8412614,3.52139,9.86028,,,
1540978847.9380965,3.52139,9.8613,,,
1540978848.0604823,3.52139,9.8613,,,
1540978848.165423,3.52109,9.8613,,,
1540978848.2441401,3.52109,9.86234,,,
1540978848.3396153,3.52109,9.86234,,,
1540978848.4461465,3.52109,9.86234,,,
1540978848.5713775,3.52078,9.86234,,,
1540978848.6442573,3.52078,9.86284,,,
1540978848.745037,3.52078,9.86284,0,0,0
1540978848.8436294,3.52048,9.86284,,,
1540978848.9481337,3.52048,9.86336,,,
1540978849.0425062,3.52048,9.86336,,,
1540978849.1435103,3.52048,9.86336,,,
1540978849.242653,3.52017,9.86414,,,
1540978849.346826,3.52017,9.86414,,,
1540978849.4479573,3.52017,9.86414,,,
1540978849.5456512,3.51987,9.86414,,,
1540978849.6422377,3.51987,9.86516,,,
1540978849.7606392,3.51987,9.86516,0,0,0
1540978849.8460433,3.51958,9.86516,,,
1540978849.9446094,3.51958,9.86618,,,
1540978850.074571,3.51958,9.86618,,,
1540978850.1549122,3.51958,9.86618,,,
1540978850.2622027,3.51927,9.86722,,,
1540978850.3448527,3.51927,9.86722,,,
1540978850.448386,3.51927,9.86722,,,
1540978850.5457444,3.51897,9.86722,,,
1540978850.6524894,3.51897,9.86824,,,
1540978850.74478,3.51897,9.86824,0,0,0
1540978850.845542,3.51866,9.86824,,,
1540978850.9428303,3.51866,9.86928,,,
1540978851.049628,3.51866,9.86928,,,
1540978851.1487525,3.51866,9.86928,,,
1540978851.2495098,3.51843,9.87004,,,
1540978851.3452237,3.51843,9.87004,,,
1540978851.462027,3.51843,9.87004,,,
1540978851.5682032,3.51813,9.87004,,,
1540978851.6500056,3.51813,9.8703,,,
1540978851.7484787,3.51813,9.8703,0,0,0
1540978851.8523645,3.51782,9.8703,,,
1540978851.9649243,3.51782,9.87134,,,
1540978852.0549572,3.51782,9.87134,,,
1540978852.1500893,3.51782,9.87134,,,
1540978852.249242,3.51753,9.8721,,,
1540978852.3555899,3.51753,9.8721,,,
1540978852.453632,3.51753,9.8721,,,
1540978852.5524857,3.51723,9.8721,,,
1540978852.6534529,3.51723,9.87314,,,
1540978852.7710552,3.51723,9.87314,0,0,0
1540978852.857986,3.51692,9.87314,,,
1540978852.9804351,3.51692,9.8739,,,
1540978853.061234,3.51692,9.8739,,,
1540978853.170499,3.51692,9.8739,,,
1540978853.2498934,3.51669,9.87442,,,
1540978853.351756,3.51669,9.87442,,,
1540978853.4495249,3.51669,9.87442,,,
1540978853.5549974,3.51639,9.87442,,,
1540978853.6685174,3.51639,9.8752,,,
1540978853.750391,3.51639,9.8752,0,0,0
1540978853.8507092,3.51639,9.8752,,,
1540978853.9535754,3.51608,9.87622,,,
1540978854.0560794,3.51608,9.87622,,,
1540978854.154703,3.51608,9.87622,,,
1540978854.2549093,3.51579,9.87724,,,
1540978854.3541257,3.51579,9.87724,,,
1540978854.4746387,3.51579,9.87724,,,
1540978854.5585995,3.51549,9.87724,,,
1540978854.656959,3.51549,9.87802,,,
1540978854.753847,3.51549,9.87802,0,0,0
1540978854.870982,3.51518,9.87802,,,
1540978854.9758365,3.51518,9.87828,,,
1540978855.0625803,3.51518,9.87828,,,
1540978855.1534543,3.51518,9.87828,,,
1540978855.2637262,3.51488,9.8793,,,
1540978855.3712966,3.51488,9.8793,,,
1540978855.4545548,3.51488,9.8793,,,
1540978855.5537157,3.51457,9.8793,,,
1540978855.654866,3.51457,9.88008,,,
1540978855.7599802,3.51457,9.88008,0,0,0
1540978855.8555803,3.51457,9.88008,,,
1540978855.9563591,3.51427,9.8811,,,
1540978856.0553362,3.51427,9.8811,,,
1540978856.1768217,3.51427,9.8811,,,
1540978856.2848217,3.51404,9.88188,,,
1540978856.3653433,3.51404,9.88188,,,
1540978856.4571927,3.51404,9.88188,,,
1540978856.5807114,3.51375,9.88188,,,
1540978856.6768463,3.51375,9.8824,,,
1540978856.762343,3.51375,9.8824,0,0,0
1540978856.8578832,3.51375,9.8824,,,
1540978856.961085,3.51344,9.88316,,,
1540978857.0755012,3.51344,9.88316,,,
1540978857.1602223,3.51344,9.88316,,,
1540978857.2582898,3.51314,9.8842,,,
1540978857.3606875,3.51314,9.8842,,,
1540978857.4660883,3.51314,9.8842,,,
1540978857.5582976,3.51283,9.8842,,,
1540978857.661107,3.51283,9.88522,,,
1540978857.759589,3.51283,9.88522,0,0,0
1540978857.8608358,3.51283,9.88522,,,
1540978857.9589844,3.51253,9.88625,,,
1540978858.0609665,3.51253,9.88625,,,
1540978858.1603374,3.51253,9.88625,,,
1540978858.276112,3.51222,9.88702,,,
1540978858.3841565,3.51222,9.88702,,,
1540978858.4638224,3.51222,9.88702,,,
1540978858.5594778,3.51193,9.88702,,,
1540978858.6657896,3.51193,9.88805,,,
1540978858.7770174,3.51193,9.88805,0,0,0
1540978858.861054,3.51193,9.88805,,,
1540978858.9626534,3.51163,9.88857,,,
1540978859.0644338,3.51163,9.88857,,,
1540978859.1684558,3.51163,9.88857,,,
1540978859.261962,3.51132,9.88908,,,
1540978859.3638494,3.51132,9.88908,,,
1540978859.4614573,3.51132,9.88908,,,
1540978859.565217,3.51109,9.88908,,,
1540978859.6638083,3.51109,9.89011,,,
1540978859.761995,3.51109,9.89011,0,0,0
1540978859.8628979,3.51109,9.89011,,,
1540978859.9780393,3.51079,9.89114,,,
1540978860.0856204,3.51079,9.89114,,,
1540978860.1669269,3.51079,9.89114,,,
1540978860.2674983,3.51048,9.89114,,,
1540978860.3708005,3.51048,9.89217,,,
1540978860.4736545,3.51048,9.89217,,,
1540978860.5672774,3.51018,9.89217,,,
1540978860.6672919,3.51018,9.8932,,,
1540978860.7648156,3.51018,9.8932,0,0,0
1540978860.8664014,3.51018,9.8932,,,
1540978860.9704778,3.50989,9.89371,,,
1540978861.0692027,3.50989,9.89371,,,
1540978861.1667988,3.50989,9.89371,,,
1540978861.2800577,3.50958,9.89423,,,
1540978861.3856874,3.50958,9.89423,,,
1540978861.470024,3.50958,9.89423,,,
1540978861.5710394,3.50928,9.89423,,,
1540978861.6802819,3.50928,9.895,,,
1540978861.7856586,3.50928,9.895,0,0,0
1540978861.8667948,3.50928,9.895,,,
1540978861.9711425,3.50897,9.89603,,,
1540978862.069301,3.50897,9.89603,,,
1540978862.1725683,3.50897,9.89603,,,
1540978862.2696512,3.50867,9.89603,,,
1540978862.3691664,3.50867,9.89705,,,
1540978862.4696689,3.50867,9.89705,,,
1540978862.5969086,3.50836,9.89705,,,
1540978862.6668918,3.50836,9.89757,,,
1540978862.7691655,3.50836,9.89757,0,0,0
1540978862.8726726,3.50836,9.89757,,,
1540978862.9826078,3.50813,9.89809,,,
1540978863.0860167,3.50813,9.89809,,,
1540978863.1703796,3.50813,9.89809,,,
1540978863.272267,3.50784,9.89809,,,
1540978863.374385,3.50784,9.89911,,,
1540978863.4779727,3.50784,9.89911,,,
1540978863.5716884,3.50754,9.89911,,,
1540978863.6733062,3.50754,9.90015,,,
1540978863.7717679,3.50754,9.90015,0,0,0
1540978863.8741448,3.50754,9.90015,,,
1540978863.9706726,3.50723,9.90117,,,
1540978864.0710423,3.50723,9.90117,,,
1540978864.1730335,3.50723,9.90117,,,
1540978864.2877858,3.50693,9.90221,,,
1540978864.3959553,3.50693,9.90221,,,
1540978864.4717546,3.50693,9.90221,,,
1540978864.5765157,3.50662,9.90221,,,
1540978864.6811466,3.50662,9.90323,,,
1540978864.8628676,3.50662,9.90323,,,
1540978865.0146894,3.46727,11.8677,,,
1540978865.1716723,3.46727,11.8677,,,
1540978865.335004,3.43555,13.0193,,,
1540978865.4882686,3.43555,13.0193,,,
1540978865.6448917,3.43327,13.0278,,,
1540978865.839468,3.43327,13.0278,,,
1540978865.9910119,3.43146,13.0347,,,
1540978866.146038,3.43146,13.0347,,,
1540978866.2986917,3.42987,13.0404,,,
1540978866.391233,3.42987,13.0404,0,0,0
1540978866.4902248,3.42987,13.0404,0,0,0
1540978866.5746107,3.42987,13.0404,,,
1540978866.6789093,3.47968,10.5424,,,
1540978866.782276,3.47968,10.5424,0,0,0
1540978866.8814962,3.47968,10.5424,,,
1540978866.978242,3.49846,9.92561,,,
1540978867.0780716,3.49846,9.92561,,,
1540978867.1780944,3.49846,9.92561,,,
1540978867.2793431,3.49905,9.92561,,,
1540978867.385524,3.49905,9.92432,,,
1540978867.4780986,3.49905,9.92432,,,
1540978867.5788627,3.49905,9.92432,,,
1540978867.697262,3.49936,9.92355,,,
1540978867.8038657,3.49936,9.92355,0,0,0
1540978867.8822792,3.49936,9.92355,,,
1540978868.0031757,3.49944,9.92329,,,
1540978868.0955088,3.49944,9.92329,,,
1540978868.187072,3.49944,9.92329,,,
1540978868.2830458,3.49944,9.92329,,,
1540978868.384841,3.49944,9.92329,,,
1540978868.4838684,3.49944,9.92329,,,
1540978868.5842257,3.49944,9.92329,,,
1540978868.6843503,3.49936,9.92355,,,
1540978868.7840233,3.49936,9.92355,0,0,0
1540978868.890946,3.49936,9.92355,,,
1540978868.998748,3.49928,9.92381,,,
1540978869.1055403,3.49928,9.92381,,,
1540978869.184218,3.49928,9.92381,,,
1540978869.2887497,3.49913,9.92381,,,
1540978869.392699,3.49913,9.92432,,,
1540978869.4930675,3.49913,9.92432,,,
1540978869.5849862,3.49913,9.92432,,,
1540978869.6869678,3.49898,9.92458,,,
1540978869.785241,3.49898,9.92458,0,0,0
1540978869.8862133,3.49898,9.92458,,,
1540978869.9958954,3.49883,9.92458,,,
1540978870.0901034,3.49883,9.92458,,,
1540978870.189202,3.49883,9.92458,,,
1540978870.300514,3.49867,9.92458,,,
1540978870.4089477,3.49867,9.92509,,,
1540978870.4907033,3.49867,9.92509,,,
1540978870.5960674,3.49867,9.92509,,,
1540978870.6966772,3.49846,9.92561,,,
1540978870.8062758,3.49846,9.92561,0,0,0
1540978870.8918798,3.49846,9.92561,,,
1540978870.9892492,3.49831,9.92638,,,
1540978871.095355,3.49831,9.92638,,,
1540978871.2012527,3.49831,9.92638,,,
1540978871.2925875,3.49808,9.92638,,,
1540978871.3927896,3.49808,9.92715,,,
1540978871.4938421,3.49808,9.92715,,,
1540978871.5933096,3.49808,9.92715,,,
1540978871.6939032,3.49785,9.92792,,,
1540978871.789716,3.49785,9.92792,0,0,0
1540978871.8911893,3.49785,9.92792,,,
1540978872.006556,3.49762,9.92844,,,
1540978872.1133564,3.49762,9.92844,,,
1540978872.1929615,3.49762,9.92844,,,
1540978872.2943301,3.49739,9.92844,,,
1540978872.400967,3.49739,9.9287,,,
1540978872.5048728,3.49739,9.9287,,,
1540978872.5940979,3.49739,9.9287,,,
1540978872.6924865,3.49716,9.92921,,,
1540978872.7921932,3.49716,9.92921,0,0,0
1540978872.894301,3.49716,9.92921,,,
1540978872.9955447,3.49686,9.92921,,,
1540978873.109186,3.49686,9.92998,,,
1540978873.1971374,3.49686,9.92998,,,
1540978873.309602,3.49663,9.92998,,,
1540978873.4141238,3.49663,9.93076,,,
1540978873.4940526,3.49663,9.93076,,,
1540978873.599719,3.49663,9.93076,,,
1540978873.7007375,3.49641,9.93152,,,
1540978873.8099253,3.49641,9.93152,0,0,0
1540978873.8948255,3.49641,9.93152,,,
1540978873.9981072,3.49619,9.93152,,,
1540978874.1019857,3.49619,9.93256,,,
1540978874.2100837,3.49619,9.93256,,,
1540978874.2947059,3.49588,9.93256,,,
1540978874.3985174,3.49588,9.93332,,,
1540978874.5055368,3.49588,9.93332,,,
1540978874.6126502,3.49588,9.93332,,,
1540978874.6995878,3.49565,9.93384,,,
1540978874.7977915,3.49565,9.93384,0,0,0
1540978874.8969362,3.49565,9.93384,,,
1540978874.9987164,3.49542,9.93384,,,
1540978875.095763,3.49542,9.93436,,,
1540978875.1980846,3.49542,9.93436,,,
1540978875.2967079,3.49512,9.93436,,,
1540978875.41457,3.49512,9.93486,,,
1540978875.5187333,3.49512,9.93486,,,
1540978875.5999615,3.49512,9.93486,,,
1540978875.6981049,3.49489,9.9359,,,
1540978875.8035603,3.49489,9.9359,0,0,0
1540978875.9125404,3.49489,9.9359,,,
1540978875.9998274,3.4946,9.9359,,,
1540978876.0988185,3.4946,9.93692,,,
1540978876.1989589,3.4946,9.93692,,,
1540978876.2995837,3.49437,9.93692,,,
1540978876.398024,3.49437,9.9377,,,
1540978876.498846,3.49437,9.9377,,,
1540978876.596595,3.49437,9.9377,,,
1540978876.7179565,3.49406,9.93872,,,
1540978876.8190773,3.49406,9.93872,0,0,0
1540978876.9026852,3.49406,9.93872,,,
1540978876.9976315,3.49376,9.93872,,,
1540978877.1046712,3.49376,9.9395,,,
1540978877.2151904,3.49376,9.9395,,,
1540978877.302477,3.49376,9.9395,,,
1540978877.4005475,3.49353,9.94052,,,
1540978877.5048144,3.49353,9.94052,,,
1540978877.6160223,3.49353,9.94052,,,
1540978877.705002,3.49323,9.94078,0,0,0
1540978877.8015878,3.49323,9.94078,,,
1540978877.903068,3.49323,9.94078,,,
1540978878.0035303,3.493,9.94078,,,
1540978878.1032848,3.493,9.9413,,,
1540978878.2010229,3.493,9.9413,,,
1540978878.30108,3.493,9.9413,,,
1540978878.4198124,3.49271,9.94208,,,
1540978878.5242755,3.49271,9.94208,,,
1540978878.605534,3.49271,9.94208,,,
1540978878.7025118,3.4924,9.9431,,,
1540978878.810064,3.4924,9.9431,0,0,0
1540978878.9180703,3.4924,9.9431,,,
1540978879.0061607,3.49217,9.9431,,,
1540978879.1023936,3.49217,9.94412,,,
1540978879.2069314,3.49217,9.94412,,,
1540978879.3087873,3.49187,9.94412,,,
1540978879.4064739,3.49187,9.9449,,,
1540978879.5056822,3.49187,9.9449,,,
1540978879.6046906,3.49187,9.9449,,,
1540978879.7044258,3.49164,9.94516,,,
1540978879.807242,3.49164,9.94516,0,0,0
1540978879.9053006,3.49164,9.94516,,,
1540978880.0068111,3.49133,9.94516,,,
1540978880.118872,3.49133,9.94592,,,
1540978880.2198987,3.49133,9.94592,,,
1540978880.3139088,3.49133,9.94592,,,
1540978880.409523,3.49103,9.9467,,,
1540978880.5157292,3.49103,9.9467,,,
1540978880.6145988,3.49103,9.9467,,,
1540978880.7098894,3.4908,9.94772,0,0,0
1540978880.8143625,3.4908,9.94772,,,
1540978880.9121635,3.4908,9.94772,,,
1540978881.0303066,3.49051,9.9485,,,
1540978881.1391869,3.49051,9.9485,,,
1540978881.215271,3.49051,9.9485,,,
1540978881.3111854,3.49051,9.9485,,,
1540978881.4205434,3.4902,9.94902,,,
1540978881.5242383,3.4902,9.94902,,,
1540978881.613688,3.4902,9.94902,,,
1540978881.7130353,3.48997,9.94952,,,
1540978881.8119123,3.48997,9.94952,0,0,0
1540978881.9151545,3.48997,9.94952,,,
1540978882.0136323,3.48967,9.94952,,,
1540978882.1127667,3.48967,9.9503,,,
1540978882.2177515,3.48967,9.9503,,,
1540978882.3313072,3.48936,9.9503,,,
1540978882.413773,3.48936,9.95132,,,
1540978882.5188093,3.48936,9.95132,,,
1540978882.6154838,3.48936,9.95132,,,
1540978882.7217603,3.48914,9.9521,0,0,0
1540978882.8294168,3.48914,9.9521,,,
1540978882.9138803,3.48914,9.9521,,,
1540978883.0132327,3.48885,9.9521,,,
1540978883.120746,3.48885,9.95338,,,
1540978883.2256281,3.48885,9.95338,,,
1540978883.3264804,3.48885,9.95338,,,
1540978883.4219787,3.48854,9.95416,,,
1540978883.5216563,3.48854,9.95416,,,
1540978883.636364,3.48854,9.95416,,,
1540978883.7445724,3.48824,9.95518,0,0,0
1540978883.8245203,3.48824,9.95518,,,
1540978883.922265,3.48824,9.95518,,,
1540978884.0254736,3.48793,9.95518,,,
1540978884.128411,3.48793,9.95622,,,
1540978884.2344966,3.48793,9.95622,,,
1540978884.321375,3.48793,9.95622,,,
1540978884.4210038,3.48763,9.95724,,,
1540978884.5267875,3.48763,9.95724,,,
1540978884.6268728,3.48763,9.95724,,,
1540978884.7234526,3.4874,9.95776,0,0,0
1540978884.8220975,3.4874,9.95776,,,
1540978884.934773,3.4874,9.95776,,,
1540978885.0455928,3.48709,9.95776,,,
1540978885.144851,3.48709,9.95828,,,
1540978885.238735,3.48709,9.95828,,,
1540978885.3376203,3.48709,9.95828,,,
1540978885.435643,3.4868,9.95905,,,
1540978885.524512,3.4868,9.95905,,,
1540978885.6284785,3.4868,9.95905,,,
1540978885.728114,3.48657,9.96008,0,0,0
1540978885.8276563,3.48657,9.96008,,,
1540978885.931136,3.48657,9.96008,,,
1540978886.0264685,3.48627,9.96008,,,
1540978886.1258557,3.48627,9.96085,,,
1540978886.2405052,3.48627,9.96085,,,
1540978886.352683,3.48596,9.96085,,,
1540978886.4256036,3.48596,9.96136,,,
1540978886.5293977,3.48596,9.96136,,,
1540978886.6510983,3.48596,9.96136,,,
1540978886.7494955,3.48566,9.96188,0,0,0
1540978886.8309352,3.48566,9.96188,,,
1540978886.930493,3.48566,9.96188,,,
1540978887.0328786,3.48535,9.96188,,,
1540978887.1324787,3.48535,9.96291,,,
1540978887.2282128,3.48535,9.96291,,,
1540978887.3283396,3.48535,9.96291,,,
1540978887.428833,3.48505,9.96393,,,
1540978887.5434692,3.48505,9.96393,,,
1540978887.6285322,3.48505,9.96393,,,
1540978887.730336,3.48476,9.96393,0,0,0
1540978887.8306715,3.48476,9.96497,,,
1540978887.9422343,3.48476,9.96497,,,
1540978888.0492508,3.48453,9.96497,,,
1540978888.1384792,3.48453,9.96548,,,
1540978888.2511404,3.48453,9.96548,,,
1540978888.3376536,3.48453,9.96548,,,
1540978888.443965,3.48422,9.96599,,,
1540978888.5303488,3.48422,9.96599,,,
1540978888.630739,3.48422,9.96599,,,
1540978888.7334988,3.48392,9.96599,0,0,0
1540978888.836917,3.48392,9.96677,,,
1540978888.930439,3.48392,9.96677,,,
1540978889.0364313,3.48361,9.96677,,,
1540978889.1368427,3.48361,9.96779,,,
1540978889.2582743,3.48361,9.96779,,,
1540978889.3615496,3.48331,9.96779,,,
1540978889.432602,3.48331,9.96883,,,
1540978889.5346348,3.48331,9.96883,,,
1540978889.638682,3.48331,9.96883,,,
1540978889.7539077,3.48302,9.96883,0,0,0
1540978889.8340063,3.48302,9.96985,,,
1540978889.9344413,3.48302,9.96985,,,
1540978890.0397444,3.48271,9.96985,,,
1540978890.139784,3.48271,9.97063,,,
1540978890.2357972,3.48271,9.97063,,,
1540978890.3394406,3.48271,9.97063,,,
1540978890.4384446,3.48248,9.97113,,,
1540978890.5373466,3.48248,9.97113,,,
1540978890.638887,3.48248,9.97113,,,
1540978890.7383559,3.48218,9.97113,0,0,0
1540978890.8349783,3.48218,9.97269,,,
1540978890.9515934,3.48218,9.97269,,,
1540978891.0384092,3.48187,9.97269,,,
1540978891.1354432,3.48187,9.97371,,,
1540978891.23853,3.48187,9.97371,,,
1540978891.346538,3.48187,9.97371,,,
1540978891.4628043,3.48157,9.97423,,,
1540978891.5464272,3.48157,9.97423,,,
1540978891.6404428,3.48157,9.97423,,,
1540978891.7433546,3.48126,9.97423,0,0,0
1540978891.844635,3.48126,9.97473,,,
1540978891.9423137,3.48126,9.97473,,,
1540978892.0439224,3.48097,9.97473,,,
1540978892.1398919,3.48097,9.97577,,,
1540978892.240723,3.48097,9.97577,,,
1540978892.3393161,3.48097,9.97577,,,
1540978892.4397755,3.48067,9.97679,,,
1540978892.539625,3.48067,9.97679,,,
1540978892.6580453,3.48067,9.97679,,,
1540978892.765528,3.48036,9.97679,0,0,0
1540978892.8413365,3.48036,9.97783,,,
1540978892.940784,3.48036,9.97783,,,
1540978893.0520616,3.48013,9.97783,,,
1540978893.1602595,3.48013,9.97809,,,
1540978893.2398384,3.48013,9.97809,,,
1540978893.3427982,3.48013,9.97809,,,
1540978893.4409423,3.47983,9.97885,,,
1540978893.5471652,3.47983,9.97885,,,
1540978893.6464348,3.47983,9.97885,,,
1540978893.7406032,3.47952,9.97885,0,0,0
1540978893.8440034,3.47952,9.97989,,,
1540978893.963271,3.47952,9.97989,,,
1540978894.0450284,3.47952,9.97989,,,
1540978894.142681,3.47923,9.98091,,,
1540978894.2460551,3.47923,9.98091,,,
1540978894.350555,3.47923,9.98091,,,
1540978894.4624875,3.47893,9.98169,,,
1540978894.5449786,3.47893,9.98169,,,
1540978894.6498616,3.47893,9.98169,,,
1540978894.7470791,3.47862,9.98169,0,0,0
1540978894.8507602,3.47862,9.98271,,,
1540978894.9452274,3.47862,9.98271,,,
1540978895.0460596,3.47862,9.98271,,,
1540978895.1435475,3.47832,9.98323,,,
1540978895.2485652,3.47832,9.98323,,,
1540978895.3460612,3.47832,9.98323,,,
1540978895.4446218,3.47801,9.98373,,,
1540978895.5457895,3.47801,9.98373,,,
1540978895.6584787,3.47801,9.98373,,,
1540978895.7689102,3.47771,9.98373,0,0,0
1540978895.8515427,3.47771,9.98477,,,
1540978895.9560535,3.47771,9.98477,,,
1540978896.0521665,3.47771,9.98477,,,
1540978896.1557791,3.4774,9.98579,,,
1540978896.250769,3.4774,9.98579,,,
1540978896.3461888,3.4774,9.98579,,,
1540978896.4478385,3.47711,9.98683,,,
1540978896.550154,3.47711,9.98683,,,
1540978896.648562,3.47711,9.98683,,,
1540978896.7489095,3.47681,9.98683,0,0,0
1540978896.8475378,3.47681,9.98734,,,
1540978896.9481225,3.47681,9.98734,,,
1540978897.0530293,3.47681,9.98734,,,
1540978897.1487298,3.4765,9.98811,,,
1540978897.2471566,3.4765,9.98811,,,
1540978897.3624282,3.4765,9.98811,,,
1540978897.4839942,3.4762,9.98965,,,
1540978897.5603986,3.4762,9.98965,,,
1540978897.6483915,3.4762,9.98965,,,
1540978897.7571368,3.47589,9.98965,0,0,0
1540978897.859615,3.47589,9.99043,,,
1540978897.9590778,3.47589,9.99043,,,
1540978898.0554235,3.47589,9.99043,,,
1540978898.1554792,3.47559,9.9912,,,
1540978898.259818,3.47559,9.9912,,,
1540978898.3598166,3.47559,9.9912,,,
1540978898.4512978,3.4753,9.99197,,,
1540978898.5540357,3.4753,9.99197,,,
1540978898.6688375,3.4753,9.99197,,,
1540978898.7822812,3.47499,9.99197,0,0,0
1540978898.8551033,3.47499,9.993,,,
1540978898.9785907,3.47499,9.993,,,
1540978899.0685806,3.47499,9.993,,,
1540978899.1704123,3.47469,9.99403,,,
1540978899.2590222,3.47469,9.99403,,,
1540978899.364312,3.47469,9.99403,,,
1540978899.458812,3.47438,9.99506,,,
1540978899.560755,3.47438,9.99506,,,
1540978899.6586146,3.47438,9.99506,,,
1540978899.758887,3.47408,9.99506,0,0,0
1540978899.8586278,3.47408,9.99557,,,
1540978899.9742663,3.47408,9.99557,,,
1540978900.0808954,3.47385,9.99557,,,
1540978900.1631436,3.47385,9.99609,,,
1540978900.2591527,3.47385,9.99609,,,
1540978900.3643765,3.47385,9.99609,,,
1540978900.4856505,3.47348,9.99712,,,
1540978900.5751443,3.47348,9.99712,,,
1540978900.6636598,3.47348,9.99712,,,
1540978900.763466,3.47318,9.99712,0,0,0
1540978900.8636472,3.47318,9.99814,,,
1540978900.960731,3.47318,9.99814,,,
1540978901.0630162,3.47318,9.99814,,,
1540978901.1625035,3.47287,9.99918,,,
1540978901.277876,3.47287,9.99918,,,
1540978901.3847601,3.47287,9.99918,,,
1540978901.467591,3.47256,9.99918,,,
1540978901.565251,3.47256,9.99969,,,
1540978901.6713932,3.47256,9.99969,,,
1540978901.778395,3.47226,9.99969,0,0,0
1540978901.8646355,3.47226,10.0002,,,
1540978901.9633267,3.47226,10.0002,,,
1540978902.0678723,3.47226,10.0002,,,
1540978902.1697323,3.47195,10.0012,,,
1540978902.266609,3.47195,10.0012,,,
1540978902.3694391,3.47195,10.0012,,,
1540978902.4677725,3.47165,10.0012,,,
1540978902.565581,3.47165,10.0023,,,
1540978902.665055,3.47165,10.0023,,,
1540978902.7697015,3.47136,10.0023,0,0,0
1540978902.8663929,3.47136,10.0033,,,
1540978902.9793673,3.47136,10.0033,,,
1540978903.085731,3.47136,10.0033,,,
1540978903.171481,3.47105,10.0043,,,
1540978903.265957,3.47105,10.0043,,,
1540978903.3719563,3.47105,10.0043,,,
1540978903.4858272,3.47075,10.0043,,,
1540978903.5689967,3.47075,10.0048,,,
1540978903.6664972,3.47075,10.0048,,,
1540978903.764844,3.47044,10.0048,0,0,0
1540978903.8862185,3.47044,10.0053,,,
1540978903.9936547,3.47044,10.0053,,,
1540978904.0698652,3.47044,10.0053,,,
1540978904.1744978,3.47014,10.0071,,,
1540978904.2781181,3.47014,10.0071,,,
1540978904.3832684,3.47014,10.0071,,,
1540978904.4695795,3.46983,10.0071,,,
1540978904.5684447,3.46983,10.0079,,,
1540978904.6730988,3.46983,10.0079,,,
1540978904.7761822,3.46954,10.0079,0,0,0
1540978904.8711274,3.46954,10.0087,,,
1540978904.9702368,3.46954,10.0087,,,
1540978905.069577,3.46954,10.0087,,,
1540978905.1690733,3.46924,10.0097,,,
1540978905.2724805,3.46924,10.0097,,,
1540978905.3682353,3.46924,10.0097,,,
1540978905.4696171,3.46893,10.0097,,,
1540978905.581224,3.46893,10.0108,,,
1540978905.6910944,3.46893,10.0108,,,
1540978905.7719944,3.46855,10.0108,0,0,0
1540978905.869627,3.46855,10.0118,,,
1540978905.9786673,3.46855,10.0118,,,
1540978906.0863183,3.46855,10.0118,,,
1540978906.1711023,3.46825,10.0128,,,
1540978906.271366,3.46825,10.0128,,,
1540978906.3737094,3.46825,10.0128,,,
1540978906.47591,3.46794,10.0128,,,
1540978906.5767164,3.46794,10.0131,,,
1540978906.6742213,3.46794,10.0131,,,
1540978906.7688434,3.46794,10.0131,0,0,0
1540978906.8914783,3.46765,10.0138,,,
1540978906.9763231,3.46765,10.0138,,,
1540978907.0757468,3.46765,10.0138,,,
1540978907.168068,3.46735,10.0149,,,
1540978907.2818654,3.46735,10.0149,,,
1540978907.3951077,3.46735,10.0149,,,
1540978907.4715204,3.46704,10.0149,,,
1540978907.577895,3.46704,10.0159,,,
1540978907.6771739,3.46704,10.0159,,,
1540978907.7987657,3.46674,10.0159,0,0,0
1540978907.881118,3.46674,10.0169,,,
1540978907.968424,3.46674,10.0169,,,
1540978908.076811,3.46674,10.0169,,,
1540978908.1804502,3.46643,10.0174,,,
1540978908.2706928,3.46643,10.0174,,,
1540978908.3772275,3.46643,10.0174,,,
1540978908.468378,3.46613,10.0174,,,
1540978908.6067772,3.46613,10.018,,,
1540978908.6978948,3.46613,10.018,,,
1540978908.7844858,3.46613,10.018,0,0,0
1540978908.8836718,3.46582,10.0192,,,
1540978908.9832454,3.46582,10.0192,,,
1540978909.082768,3.46582,10.0192,,,
1540978909.1819324,3.46553,10.02,,,
1540978909.2797678,3.46553,10.02,,,
1540978909.3841038,3.46553,10.02,,,
1540978909.483289,3.46523,10.02,,,
1540978909.6006777,3.46523,10.0213,,,
1540978909.6841826,3.46523,10.0213,,,
1540978909.7847059,3.46523,10.0213,0,0,0
1540978909.8905585,3.46492,10.0221,,,
1540978909.994382,3.46492,10.0221,,,
1540978910.0877972,3.46492,10.0221,,,
1540978910.1841583,3.46461,10.0226,,,
1540978910.286378,3.46461,10.0226,,,
1540978910.3863602,3.46461,10.0226,,,
1540978910.47976,3.46431,10.0226,,,
1540978910.5794075,3.46431,10.0234,,,
1540978910.6815796,3.46431,10.0234,,,
1540978910.7851303,3.46431,10.0234,0,0,0
1540978910.887029,3.464,10.0244,,,
1540978910.9890027,3.464,10.0244,,,
1540978911.083069,3.464,10.0244,,,
1540978911.194707,3.46364,10.0254,,,
1540978911.3004668,3.46364,10.0254,,,
1540978911.3839355,3.46364,10.0254,,,
1540978911.4852142,3.46333,10.0254,,,
1540978911.5930655,3.46333,10.0264,,,
1540978911.6950307,3.46333,10.0264,,,
1540978911.7805989,3.46333,10.0264,0,0,0
1540978911.8823476,3.46303,10.0275,,,
1540978911.9875345,3.46303,10.0275,,,
1540978912.0863004,3.46303,10.0275,,,
1540978912.1826594,3.46272,10.0275,,,
1540978912.282724,3.46272,10.0288,,,
1540978912.385679,3.46272,10.0288,,,
1540978912.4878225,3.46242,10.0288,,,
1540978912.5827994,3.46242,10.0295,,,
1540978912.6839347,3.46242,10.0295,,,
1540978912.7851858,3.46242,10.0295,0,0,0
1540978912.8990288,3.46211,10.0303,,,
1540978913.001956,3.46211,10.0303,,,
1540978913.084535,3.46211,10.0303,,,
1540978913.185537,3.46182,10.0303,,,
1540978913.2898386,3.46182,10.0308,,,
1540978913.399375,3.46182,10.0308,,,
1540978913.485424,3.46152,10.0308,,,
1540978913.5867054,3.46152,10.0318,,,
1540978913.690701,3.46152,10.0318,,,
1540978913.791297,3.46152,10.0318,0,0,0
1540978913.885312,3.46114,10.0329,,,
1540978913.9886332,3.46114,10.0329,,,
1540978914.0883055,3.46114,10.0329,,,
1540978914.1898015,3.46083,10.0329,,,
1540978914.2845862,3.46083,10.0339,,,
1540978914.3864887,3.46083,10.0339,,,
1540978914.4892855,3.46053,10.0339,,,
1540978914.6031685,3.46053,10.0347,,,
1540978914.6839097,3.46053,10.0347,,,
1540978914.7868717,3.46053,10.0347,0,0,0
1540978914.8937616,3.46022,10.0352,,,
1540978914.997186,3.46022,10.0352,,,
1540978915.1024864,3.46022,10.0352,,,
1540978915.193,3.45993,10.0352,,,
1540978915.2915597,3.45993,10.036,,,
1540978915.3958395,3.45993,10.036,,,
1540978915.4930453,3.45963,10.036,,,
1540978915.5900435,3.45963,10.0372,,,
1540978915.6943889,3.45963,10.0372,,,
1540978915.7939203,3.45963,10.0372,0,0,0
1540978915.8971372,3.45932,10.0383,,,
1540978915.9929414,3.45932,10.0383,,,
1540978916.0925994,3.45932,10.0383,,,
1540978916.1955209,3.45894,10.0383,,,
1540978916.306416,3.45894,10.0393,,,
1540978916.4110134,3.45894,10.0393,,,
1540978916.4966385,3.45863,10.0393,,,
1540978916.5970333,3.45863,10.0398,,,
1540978916.7054691,3.45863,10.0398,,,
1540978916.8070643,3.45863,10.0398,0,0,0
1540978916.8976605,3.45833,10.0406,,,
1540978916.9979777,3.45833,10.0406,,,
1540978917.0994365,3.45833,10.0406,,,
1540978917.200096,3.45804,10.0406,,,
1540978917.293707,3.45804,10.0416,,,
1540978917.3930652,3.45804,10.0416,,,
1540978917.4980695,3.45804,10.0416,,,
1540978917.5979247,3.45773,10.0426,,,
1540978917.6958237,3.45773,10.0426,,,
1540978917.795173,3.45773,10.0426,0,0,0
1540978917.898574,3.45743,10.0437,,,
1540978918.0127687,3.45743,10.0437,,,
1540978918.113192,3.45743,10.0437,,,
1540978918.1986022,3.45705,10.0437,,,
1540978918.2984943,3.45705,10.0447,,,
1540978918.4065719,3.45705,10.0447,,,
1540978918.5092096,3.45674,10.0447,,,
1540978918.5938666,3.45674,10.0457,,,
1540978918.6995292,3.45674,10.0457,,,
1540978918.8006442,3.45674,10.0457,0,0,0
1540978918.8994875,3.45644,10.0468,,,
1540978918.9982033,3.45644,10.0468,,,
1540978919.096947,3.45644,10.0468,,,
1540978919.1998281,3.45607,10.0468,,,
1540978919.299621,3.45607,10.0478,,,
1540978919.397316,3.45607,10.0478,,,
1540978919.497334,3.45607,10.0478,,,
1540978919.5998397,3.45576,10.0483,,,
1540978919.707892,3.45576,10.0483,,,
1540978919.8128743,3.45576,10.0483,0,0,0
1540978919.901315,3.45546,10.0491,,,
1540978919.9998264,3.45546,10.0491,,,
1540978920.1018624,3.45546,10.0491,,,
1540978920.2003615,3.45515,10.0491,,,
1540978920.295954,3.45515,10.0501,,,
1540978920.3957283,3.45515,10.0501,,,
1540978920.5061712,3.45515,10.0501,,,
1540978920.6180785,3.45485,10.0514,,,
1540978920.7188826,3.45485,10.0514,0,0,0
1540978920.8097286,3.45485,10.0514,,,
1540978920.898611,3.45454,10.0522,,,
1540978921.015368,3.45454,10.0522,,,
1540978921.1138265,3.45454,10.0522,,,
1540978921.2025433,3.45425,10.0522,,,
1540978921.302539,3.45425,10.0532,,,
1540978921.4101715,3.45425,10.0532,,,
1540978921.51207,3.45425,10.0532,,,
1540978921.6008022,3.45395,10.0535,,,
1540978921.6977828,3.45395,10.0535,,,
1540978921.8062754,3.45395,10.0535,0,0,0
1540978921.9044428,3.45357,10.0535,,,
1540978922.001963,3.45357,10.0545,,,
1540978922.1012323,3.45357,10.0545,,,
1540978922.2040777,3.45326,10.0545,,,
1540978922.3040433,3.45326,10.0558,,,
1540978922.403418,3.45326,10.0558,,,
1540978922.5025792,3.45326,10.0558,,,
1540978922.6044395,3.45296,10.0568,,,
1540978922.7149942,3.45296,10.0568,,,
1540978922.8139443,3.45296,10.0568,0,0,0
1540978922.898768,3.45265,10.0568,,,
1540978922.9995148,3.45265,10.0578,,,
1540978923.1034791,3.45265,10.0578,,,
1540978923.2049448,3.45229,10.0578,,,
1540978923.2983665,3.45229,10.0583,,,
1540978923.3986354,3.45229,10.0583,,,
1540978923.5013816,3.45229,10.0583,,,
1540978923.6051555,3.45198,10.0591,,,
1540978923.7003095,3.45198,10.0591,,,
1540978923.8017979,3.45198,10.0591,0,0,0
1540978923.9015083,3.45168,10.0591,,,
1540978924.0166416,3.45168,10.0607,,,
1540978924.1219816,3.45168,10.0607,,,
1540978924.2002292,3.45137,10.0607,,,
1540978924.3040931,3.45137,10.0614,,,
1540978924.4120133,3.45137,10.0614,,,
1540978924.511546,3.45137,10.0614,,,
1540978924.6055856,3.45099,10.0622,,,
1540978924.7045217,3.45099,10.0622,,,
1540978924.8060925,3.45099,10.0622,0,0,0
1540978924.9087722,3.45068,10.0622,,,
1540978925.006944,3.45068,10.0632,,,
1540978925.1053305,3.45068,10.0632,,,
1540978925.206972,3.45039,10.0632,,,
1540978925.3244457,3.45039,10.0643,,,
1540978925.428575,3.45039,10.0643,,,
1540978925.5090442,3.45039,10.0643,,,
1540978925.6070704,3.45009,10.0655,,,
1540978925.72137,3.45009,10.0655,,,
1540978925.8236506,3.45009,10.0655,0,0,0
1540978925.9040139,3.44978,10.0655,,,
1540978926.0086982,3.44978,10.0663,,,
1540978926.1148376,3.44978,10.0663,,,
1540978926.2177248,3.44948,10.0663,,,
1540978926.3053193,3.44948,10.0668,,,
1540978926.4021077,3.44948,10.0668,,,
1540978926.513998,3.44948,10.0668,,,
1540978926.6188092,3.4491,10.0676,,,
1540978926.7060308,3.4491,10.0676,0,0,0
1540978926.8083854,3.4491,10.0676,,,
1540978926.9128327,3.44879,10.0676,,,
1540978927.0132504,3.44879,10.0689,,,
1540978927.1129844,3.44879,10.0689,,,
1540978927.2098053,3.44879,10.0689,,,
1540978927.3088915,3.44843,10.0699,,,
1540978927.427481,3.44843,10.0699,,,
1540978927.510276,3.44843,10.0699,,,
1540978927.6103523,3.44812,10.0709,,,
1540978927.7069602,3.44812,10.0709,,,
1540978927.8227634,3.44812,10.0709,0,0,0
1540978927.920661,3.44781,10.0709,,,
1540978928.0115445,3.44781,10.0717,,,
1540978928.108667,3.44781,10.0717,,,
1540978928.208626,3.44781,10.0717,,,
1540978928.3130567,3.44751,10.0722,,,
1540978928.4085293,3.44751,10.0722,,,
1540978928.510351,3.44751,10.0722,,,
1540978928.6088567,3.44713,10.0733,,,
1540978928.7267656,3.44713,10.0733,,,
1540978928.8277593,3.44713,10.0733,0,0,0
1540978928.9037063,3.44682,10.0733,,,
1540978929.010345,3.44682,10.0745,,,
1540978929.122637,3.44682,10.0745,,,
1540978929.2234373,3.44653,10.0745,,,
1540978929.3058977,3.44653,10.0756,,,
1540978929.4066882,3.44653,10.0756,,,
1540978929.517985,3.44653,10.0756,,,
1540978929.6150453,3.44615,10.0766,,,
1540978929.7092788,3.44615,10.0766,0,0,0
1540978929.8085668,3.44615,10.0766,,,
1540978929.9107955,3.44585,10.0766,,,
1540978930.0183296,3.44585,10.0771,,,
1540978930.110809,3.44585,10.0771,,,
1540978930.211587,3.44585,10.0771,,,
1540978930.3104534,3.44554,10.0787,,,
1540978930.428439,3.44554,10.0787,,,
1540978930.5301778,3.44554,10.0787,,,
1540978930.6134257,3.44524,10.0797,,,
1540978930.712471,3.44524,10.0797,,,
1540978930.8194766,3.44524,10.0797,0,0,0
1540978930.923048,3.44485,10.0797,,,
1540978931.011593,3.44485,10.0802,,,
1540978931.1114547,3.44485,10.0802,,,
1540978931.2201996,3.44485,10.0802,,,
1540978931.3238087,3.44456,10.0812,,,
1540978931.4134111,3.44456,10.0812,,,
1540978931.512194,3.44456,10.0812,,,
1540978931.6203308,3.44426,10.0823,,,
1540978931.724561,3.44426,10.0823,0,0,0
1540978931.8134258,3.44426,10.0823,,,
1540978931.9121976,3.44388,10.0823,,,
1540978932.01484,3.44388,10.0833,,,
1540978932.1214194,3.44388,10.0833,,,
1540978932.215311,3.44388,10.0833,,,
1540978932.3150115,3.44357,10.0846,,,
1540978932.4146986,3.44357,10.0846,,,
1540978932.534152,3.44357,10.0846,,,
1540978932.6344457,3.44327,10.0846,,,
1540978932.7098358,3.44327,10.0851,0,0,0
1540978932.8180137,3.44327,10.0851,,,
1540978932.9346285,3.44296,10.0851,,,
1540978933.0284848,3.44296,10.0856,,,
1540978933.114069,3.44296,10.0856,,,
1540978933.2129738,3.44296,10.0856,,,
1540978933.3188426,3.4426,10.0866,,,
1540978933.4199045,3.4426,10.0866,,,
1540978933.5154765,3.4426,10.0866,,,
1540978933.6166008,3.44229,10.0866,,,
1540978933.7161005,3.44229,10.0879,0,0,0
1540978933.8365383,3.44229,10.0879,,,
1540978933.937678,3.44191,10.0879,,,
1540978934.018357,3.44191,10.0889,,,
1540978934.1131763,3.44191,10.0889,,,
1540978934.235628,3.44191,10.0889,,,
1540978934.331214,3.4416,10.09,,,
1540978934.4205647,3.4416,10.09,,,
1540978934.5181184,3.4416,10.09,,,
1540978934.6224906,3.44122,10.09,,,
1540978934.7244885,3.44122,10.0905,0,0,0
1540978934.8225021,3.44122,10.0905,,,
1540978934.9189675,3.44092,10.0905,,,
1540978935.0214272,3.44092,10.0913,,,
1540978935.1401618,3.44092,10.0913,,,
1540978935.2429845,3.44092,10.0913,,,
1540978935.3258882,3.44063,10.0923,,,
1540978935.4191985,3.44063,10.0923,,,
1540978935.532525,3.44063,10.0923,,,
1540978935.6383882,3.44032,10.0923,,,
1540978935.720444,3.44032,10.0936,0,0,0
1540978935.8178031,3.44032,10.0936,,,
1540978935.927883,3.43994,10.0936,,,
1540978936.032553,3.43994,10.0946,,,
1540978936.128433,3.43994,10.0946,,,
1540978936.2202597,3.43994,10.0946,,,
1540978936.3297563,3.43964,10.0956,,,
1540978936.435133,3.43964,10.0956,,,
1540978936.516408,3.43964,10.0956,,,
1540978936.6249204,3.43933,10.0956,,,
1540978936.727008,3.43933,10.0969,0,0,0
1540978936.8264067,3.43933,10.0969,,,
1540978936.9245446,3.43933,10.0969,,,
1540978937.0230708,3.43903,10.0979,,,
1540978937.1250534,3.43903,10.0979,,,
1540978937.2451031,3.43903,10.0979,,,
1540978937.3442078,3.43866,10.099,,,
1540978937.420246,3.43866,10.099,,,
1540978937.525311,3.43866,10.099,,,
1540978937.6404822,3.43835,10.099,,,
1540978937.7404034,3.43835,10.0995,0,0,0
1540978937.8246484,3.43835,10.0995,,,
1540978937.920626,3.43835,10.0995,,,
1540978938.0325632,3.43797,10.1003,,,
1540978938.1314008,3.43797,10.1003,,,
1540978938.2239656,3.43797,10.1003,,,
1540978938.323506,3.43767,10.1013,,,
1540978938.4243066,3.43767,10.1013,,,
1540978938.527287,3.43767,10.1013,,,
1540978938.6239886,3.43729,10.1013,,,
1540978938.7185874,3.43729,10.1026,0,0,0
1540978938.8266678,3.43729,10.1026,,,
1540978938.9487286,3.43698,10.1026,,,
1540978939.0502987,3.43698,10.1036,,,
1540978939.1310065,3.43698,10.1036,,,
1540978939.22523,3.43698,10.1036,,,
1540978939.3466814,3.43669,10.1044,,,
1540978939.442454,3.43669,10.1044,,,
1540978939.5360374,3.43669,10.1044,,,
1540978939.6352308,3.43631,10.1044,,,
1540978939.7320485,3.43631,10.1049,0,0,0
1540978939.8309038,3.43631,10.1049,,,
1540978939.92876,3.43631,10.1049,,,
1540978940.0287838,3.436,10.1062,,,
1540978940.1295257,3.436,10.1062,,,
1540978940.2506523,3.436,10.1062,,,
1540978940.3494139,3.4357,10.1072,,,
1540978940.4265866,3.4357,10.1072,,,
1540978940.5269113,3.4357,10.1072,,,
1540978940.646309,3.43532,10.1072,,,
1540978940.7441359,3.43532,10.1082,0,0,0
1540978940.8308015,3.43532,10.1082,,,
1540978940.927155,3.43532,10.1082,,,
1540978941.033344,3.43503,10.1093,,,
1540978941.1408079,3.43503,10.1093,,,
1540978941.228736,3.43503,10.1093,,,
1540978941.3267322,3.43465,10.1098,,,
1540978941.4331062,3.43465,10.1098,,,
1540978941.5412326,3.43465,10.1098,,,
1540978941.6337976,3.43434,10.1098,,,
1540978941.7326481,3.43434,10.1108,0,0,0
1540978941.8333004,3.43434,10.1108,,,
1540978941.9371805,3.43434,10.1108,,,
1540978942.0348794,3.43404,10.1118,,,
1540978942.1285326,3.43404,10.1118,,,
1540978942.235601,3.43404,10.1118,,,
1540978942.3559897,3.43365,10.1129,,,
1540978942.4558122,3.43365,10.1129,,,
1540978942.5374827,3.43365,10.1129,,,
1540978942.6328654,3.43335,10.1129,,,
1540978942.7462618,3.43335,10.1139,0,0,0
1540978942.850997,3.43335,10.1139,,,
1540978942.9381404,3.43335,10.1139,,,
1540978943.0324621,3.43298,10.1152,,,
1540978943.145599,3.43298,10.1152,,,
1540978943.2492397,3.43298,10.1152,,,
1540978943.3354127,3.43268,10.1165,,,
1540978943.4325693,3.43268,10.1165,,,
1540978943.540813,3.43268,10.1165,,,
1540978943.640729,3.4323,10.1165,,,
1540978943.733147,3.4323,10.1175,0,0,0
1540978943.833343,3.4323,10.1175,,,
1540978943.947101,3.4323,10.1175,,,
1540978944.0405755,3.43199,10.1185,,,
1540978944.1465087,3.43199,10.1185,,,
1540978944.2419975,3.43199,10.1185,,,
1540978944.3418555,3.43169,10.1185,,,
1540978944.4590263,3.43169,10.119,,,
1540978944.5595765,3.43169,10.119,,,
1540978944.6421037,3.4313,10.119,,,
1540978944.741617,3.4313,10.1198,0,0,0
1540978944.8533175,3.4313,10.1198,,,
1540978944.9517832,3.4313,10.1198,,,
1540978945.0353537,3.43102,10.1208,,,
1540978945.14422,3.43102,10.1208,,,
1540978945.2481334,3.43102,10.1208,,,
1540978945.3435564,3.43071,10.1208,,,
1540978945.4358199,3.43071,10.1221,,,
1540978945.5380375,3.43071,10.1221,,,
1540978945.6392546,3.43033,10.1221,,,
1540978945.7570758,3.43033,10.1232,0,0,0
1540978945.8591876,3.43033,10.1232,,,
1540978945.9456134,3.43033,10.1232,,,
1540978946.0444794,3.43002,10.1239,,,
1540978946.149633,3.43002,10.1239,,,
1540978946.2557125,3.43002,10.1239,,,
1540978946.3393624,3.42964,10.1239,,,
1540978946.4482388,3.42964,10.1245,,,
1540978946.5453124,3.42964,10.1245,,,
1540978946.6488519,3.42934,10.1245,,,
1540978946.7439508,3.42934,10.1257,0,0,0
1540978946.8431883,3.42934,10.1257,,,
1540978946.9455442,3.42934,10.1257,,,
1540978947.065,3.42897,10.1268,,,
1540978947.1643298,3.42897,10.1268,,,
1540978947.2482724,3.42897,10.1268,,,
1540978947.3443046,3.42867,10.1268,,,
1540978947.455602,3.42867,10.1281,,,
1540978947.5572073,3.42867,10.1281,,,
1540978947.64063,3.42828,10.1281,,,
1540978947.748335,3.42828,10.1291,0,0,0
1540978947.8576293,3.42828,10.1291,,,
1540978947.9505086,3.42828,10.1291,,,
1540978948.0433023,3.42798,10.1296,,,
1540978948.1436718,3.42798,10.1296,,,
1540978948.2570267,3.42798,10.1296,,,
1540978948.355541,3.4276,10.1296,,,
1540978948.4557583,3.4276,10.1314,,,
1540978948.5491467,3.4276,10.1314,,,
1540978948.6504672,3.4276,10.1314,,,
1540978948.7656584,3.42731,10.1322,0,0,0
1540978948.8681083,3.42731,10.1322,,,
1540978948.952156,3.42731,10.1322,,,
1540978949.0496628,3.42693,10.1329,,,
1540978949.1621385,3.42693,10.1329,,,
1540978949.2628284,3.42693,10.1329,,,
1540978949.3536565,3.42662,10.1329,,,
1540978949.4510465,3.42662,10.134,,,
1540978949.5584683,3.42662,10.134,,,
1540978949.6604645,3.42624,10.134,,,
1540978949.7557445,3.42624,10.135,0,0,0
1540978949.8511353,3.42624,10.135,,,
1540978949.9550188,3.42624,10.135,,,
1540978950.0527565,3.42593,10.1363,,,
1540978950.154178,3.42593,10.1363,,,
1540978950.2524812,3.42593,10.1363,,,
1540978950.3536718,3.42555,10.1363,,,
1540978950.4683716,3.42555,10.1373,,,
1540978950.5513546,3.42555,10.1373,,,
1540978950.6523995,3.42555,10.1373,,,
1540978950.7588766,3.42526,10.1383,0,0,0
1540978950.8657055,3.42526,10.1383,,,
1540978950.9736018,3.42526,10.1383,,,
1540978951.0585718,3.42488,10.1389,,,
1540978951.1522684,3.42488,10.1389,,,
1540978951.2646077,3.42488,10.1389,,,
1540978951.3705738,3.42458,10.1389,,,
1540978951.462884,3.42458,10.1399,,,
1540978951.5654128,3.42458,10.1399,,,
1540978951.666558,3.42419,10.1399,,,
1540978951.7659702,3.42419,10.1412,0,0,0
1540978951.8646007,3.42419,10.1412,,,
1540978951.9652338,3.42419,10.1412,,,
1540978952.0663402,3.42389,10.1422,,,
1540978952.180359,3.42389,10.1422,,,
1540978952.2832558,3.42389,10.1422,,,
1540978952.3655715,3.42351,10.1422,,,
1540978952.4715002,3.42351,10.1432,,,
1540978952.5747623,3.42351,10.1432,,,
1540978952.6779103,3.42322,10.1432,,,
1540978952.7635443,3.42322,10.1437,0,0,0
1540978952.864658,3.42322,10.1437,,,
1540978952.9705365,3.42322,10.1437,,,
1540978953.0740547,3.42284,10.1448,,,
1540978953.1639037,3.42284,10.1448,,,
1540978953.2624896,3.42284,10.1448,,,
1540978953.3696861,3.42253,10.1448,,,
1540978953.4739175,3.42253,10.1458,,,
1540978953.5570536,3.42253,10.1458,,,
1540978953.6655354,3.42253,10.1458,,,
1540978953.7662838,3.42215,10.1471,0,0,0
1540978953.874502,3.42215,10.1471,,,
1540978953.9928842,3.42215,10.1471,,,
1540978954.0745208,3.42177,10.1481,,,
1540978954.171801,3.42177,10.1481,,,
1540978954.2850602,3.42177,10.1481,,,
1540978954.3840418,3.42148,10.1481,,,
1540978954.4683342,3.42148,10.1494,,,
1540978954.5690603,3.42148,10.1494,,,
1540978954.6817653,3.4211,10.1494,,,
1540978954.7785163,3.4211,10.1504,0,0,0
1540978954.865924,3.4211,10.1504,,,
1540978954.9661498,3.4211,10.1504,,,
1540978955.0636854,3.42079,10.1517,,,
1540978955.1689043,3.42079,10.1517,,,
1540978955.2625213,3.42079,10.1517,,,
1540978955.3637316,3.42041,10.1517,,,
1540978955.4638598,3.42041,10.1527,,,
1540978955.583595,3.42041,10.1527,,,
1540978955.6846423,3.4201,10.1527,,,
1540978955.769694,3.4201,10.153,0,0,0
1540978955.8717155,3.4201,10.153,,,
1540978955.9753697,3.4201,10.153,,,
1540978956.075803,3.41972,10.1543,,,
1540978956.1730268,3.41972,10.1543,,,
1540978956.272152,3.41972,10.1543,,,
1540978956.3722663,3.41943,10.1543,,,
1540978956.4913983,3.41943,10.1553,,,
1540978956.572407,3.41943,10.1553,,,
1540978956.6708806,3.41943,10.1553,,,
1540978956.7742102,3.41905,10.1566,0,0,0
1540978956.881762,3.41905,10.1566,,,
1540978956.9895604,3.41905,10.1566,,,
1540978957.075986,3.41867,10.1576,,,
1540978957.180054,3.41867,10.1576,,,
1540978957.279975,3.41867,10.1576,,,
1540978957.3857458,3.41837,10.1576,,,
1540978957.4745932,3.41837,10.1587,,,
1540978957.5781348,3.41837,10.1587,,,
1540978957.6779664,3.41837,10.1587,,,
1540978957.7807784,3.41798,10.1594,0,0,0
1540978957.8780072,3.41798,10.1594,,,
1540978957.9783936,3.41798,10.1594,,,
1540978958.07839,3.41769,10.1602,,,
1540978958.1783721,3.41769,10.1602,,,
1540978958.3062303,3.41769,10.1602,,,
1540978958.3815217,3.41731,10.1602,,,
1540978958.4765925,3.41731,10.1615,,,
1540978958.5868654,3.41731,10.1615,,,
1540978958.6924653,3.41693,10.1615,,,
1540978958.7779648,3.41693,10.1625,0,0,0
1540978958.8795059,3.41693,10.1625,,,
1540978958.9849875,3.41693,10.1625,,,
1540978959.0888534,3.41663,10.1625,,,
1540978959.1772728,3.41663,10.1638,,,
1540978959.2796848,3.41663,10.1638,,,
1540978959.3833454,3.41624,10.1638,,,
1540978959.4905589,3.41624,10.1648,,,
1540978959.5761523,3.41624,10.1648,,,
1540978959.683578,3.41624,10.1648,,,
1540978959.7804637,3.41594,10.1656,0,0,0
1540978959.881725,3.41594,10.1656,,,
1540978959.9789603,3.41594,10.1656,,,
1540978960.0770125,3.41557,10.1656,,,
1540978960.1840677,3.41557,10.1671,,,
1540978960.296498,3.41557,10.1671,,,
1540978960.3786142,3.41519,10.1671,,,
1540978960.4786932,3.41519,10.1682,,,
1540978960.5852077,3.41519,10.1682,,,
1540978960.6881964,3.41519,10.1682,,,
1540978960.7916121,3.41489,10.1689,0,0,0
1540978960.8819432,3.41489,10.1689,,,
1540978960.98252,3.41489,10.1689,,,
1540978961.0827043,3.41451,10.1689,,,
1540978961.2104537,3.41451,10.17,,,
1540978961.3073428,3.41451,10.17,,,
1540978961.385075,3.41412,10.17,,,
1540978961.484362,3.41412,10.171,,,
1540978961.598093,3.41412,10.171,,,
1540978961.6982574,3.41412,10.171,,,
1540978961.7854562,3.41383,10.1723,0,0,0
1540978961.883993,3.41383,10.1723,,,
1540978961.989366,3.41383,10.1723,,,
1540978962.0958252,3.41345,10.1723,,,
1540978962.1859741,3.41345,10.1733,,,
1540978962.2861998,3.41345,10.1733,,,
1540978962.386962,3.41307,10.1733,,,
1540978962.4868374,3.41307,10.1743,,,
1540978962.5820432,3.41307,10.1743,,,
1540978962.6814466,3.41307,10.1743,,,
1540978962.786328,3.41277,10.1749,0,0,0
1540978962.8869524,3.41277,10.1749,,,
1540978962.9893825,3.41277,10.1749,,,
1540978963.0850217,3.41246,10.1749,,,
1540978963.18653,3.41246,10.1759,,,
1540978963.3007135,3.41246,10.1759,,,
1540978963.4156997,3.41208,10.1759,,,
1540978963.5031393,3.41208,10.1772,,,
1540978963.594584,3.41208,10.1772,,,
1540978963.6955152,3.41208,10.1772,,,
1540978963.7918525,3.41171,10.1782,0,0,0
1540978963.8924375,3.41171,10.1782,,,
1540978963.9916184,3.41171,10.1782,,,
1540978964.0916674,3.41141,10.1782,,,
1540978964.1926575,3.41141,10.1795,,,
1540978964.2896311,3.41141,10.1795,,,
1540978964.390049,3.41103,10.1795,,,
1540978964.493667,3.41103,10.1797,,,
1540978964.5981326,3.41103,10.1797,,,
1540978964.702323,3.41103,10.1797,,,
1540978964.8919735,3.41072,10.233,,,
1540978965.0418928,3.41072,10.233,,,
1540978965.2018697,3.34253,13.3915,,,
1540978965.3863392,3.34253,13.3915,,,
1540978965.5400376,3.33624,13.4067,,,
1540978965.7174778,3.33624,13.4067,,,
1540978965.8761723,3.33389,13.4159,,,
1540978966.0279608,3.33389,13.4159,,,
1540978966.1851559,3.33192,13.4239,,,
1540978966.339326,3.33192,13.4239,,,
1540978966.4531322,3.33496,13.4239,0,0,0
1540978966.5286765,3.33496,13.0201,0,0,0
1540978966.6163898,3.33496,13.0201,,,
1540978966.7184906,3.33496,13.0201,0,0,0
1540978966.8208108,3.40028,10.2119,,,
1540978966.9239252,3.40028,10.2119,,,
1540978967.016357,3.40028,10.2119,,,
1540978967.119493,3.40172,10.208,,,
1540978967.2216122,3.40172,10.208,,,
1540978967.3251727,3.40172,10.208,,,
1540978967.4183116,3.40225,10.208,,,
1540978967.5193052,3.40225,10.2065,,,
1540978967.618822,3.40225,10.2065,,,
1540978967.7362187,3.40225,10.2065,0,0,0
1540978967.841133,3.40247,10.2057,,,
1540978967.943109,3.40247,10.2057,,,
1540978968.0325754,3.40247,10.2057,,,
1540978968.1310496,3.40254,10.2055,,,
1540978968.243582,3.40254,10.2055,,,
1540978968.3249536,3.40254,10.2055,,,
1540978968.4268408,3.40254,10.2055,,,
1540978968.5283105,3.40254,10.2055,,,
1540978968.6317034,3.40254,10.2055,,,
1540978968.7230246,3.40254,10.2055,0,0,0
1540978968.8196495,3.40247,10.2057,,,
1540978968.9219327,3.40247,10.2057,,,
1540978969.0220172,3.40247,10.2057,,,
1540978969.1284184,3.40233,10.2057,,,
1540978969.2213025,3.40233,10.2062,,,
1540978969.3238282,3.40233,10.2062,,,
1540978969.434894,3.40218,10.2062,,,
1540978969.5468442,3.40218,10.2068,,,
1540978969.6287217,3.40218,10.2068,,,
1540978969.7248116,3.40218,10.2068,0,0,0
1540978969.8338764,3.40202,10.2073,,,
1540978969.9370606,3.40202,10.2073,,,
1540978970.0261073,3.40202,10.2073,,,
1540978970.1264024,3.40179,10.2073,,,
1540978970.2252603,3.40179,10.208,,,
1540978970.3283145,3.40179,10.208,,,
1540978970.4276328,3.40157,10.208,,,
1540978970.524892,3.40157,10.2088,,,
1540978970.6267986,3.40157,10.2088,,,
1540978970.7414262,3.40157,10.2088,0,0,0
1540978970.8489022,3.40134,10.2096,,,
1540978970.930566,3.40134,10.2096,,,
1540978971.0267684,3.40134,10.2096,,,
1540978971.1336026,3.40103,10.2106,,,
1540978971.2490408,3.40103,10.2106,,,
1540978971.3316567,3.40103,10.2106,,,
1540978971.4281564,3.4008,10.2106,,,
1540978971.534236,3.4008,10.2111,,,
1540978971.6434848,3.4008,10.2111,,,
1540978971.7324874,3.4008,10.2111,0,0,0
1540978971.8291488,3.4005,10.2116,,,
1540978971.9294622,3.4005,10.2116,,,
1540978972.033907,3.4005,10.2116,,,
1540978972.1287813,3.40021,10.2116,,,
1540978972.22816,3.40021,10.2122,,,
1540978972.3483346,3.40021,10.2122,,,
1540978972.4338846,3.39998,10.2122,,,
1540978972.5295372,3.39998,10.2132,,,
1540978972.6282566,3.39998,10.2132,,,
1540978972.729014,3.39998,10.2132,0,0,0
1540978972.8438933,3.39967,10.2142,,,
1540978972.9542491,3.39967,10.2142,,,
1540978973.033263,3.39967,10.2142,,,
1540978973.129401,3.39937,10.2142,,,
1540978973.2367961,3.39937,10.2152,,,
1540978973.3442774,3.39937,10.2152,,,
1540978973.4342484,3.39906,10.2152,,,
1540978973.5315173,3.39906,10.2163,,,
1540978973.630246,3.39906,10.2163,,,
1540978973.734915,3.39906,10.2163,0,0,0
1540978973.8719037,3.39876,10.2173,,,
1540978973.9390202,3.39876,10.2173,,,
1540978974.031897,3.39876,10.2173,,,
1540978974.1501386,3.39847,10.2178,,,
1540978974.2323596,3.39847,10.2178,,,
1540978974.3308902,3.39847,10.2178,,,
1540978974.4320223,3.39847,10.2178,,,
1540978974.541124,3.39809,10.2191,,,
1540978974.6480794,3.39809,10.2191,,,
1540978974.7351522,3.39809,10.2191,0,0,0
1540978974.8372548,3.39778,10.2204,,,
1540978974.9372497,3.39778,10.2204,,,
1540978975.041128,3.39778,10.2204,,,
1540978975.1357598,3.39748,10.2204,,,
1540978975.2358541,3.39748,10.2214,,,
1540978975.3352838,3.39748,10.2214,,,
1540978975.4365008,3.39748,10.2214,,,
1540978975.5358677,3.39717,10.2219,,,
1540978975.636889,3.39717,10.2219,,,
1540978975.734767,3.39717,10.2219,0,0,0
1540978975.851863,3.39687,10.2227,,,
1540978975.9540489,3.39687,10.2227,,,
1540978976.0396018,3.39687,10.2227,,,
1540978976.1412706,3.3965,10.2227,,,
1540978976.2454407,3.3965,10.2237,,,
1540978976.350492,3.3965,10.2237,,,
1540978976.436732,3.3965,10.2237,,,
1540978976.5364776,3.39619,10.225,,,
1540978976.634998,3.39619,10.225,,,
1540978976.764344,3.39619,10.225,0,0,0
1540978976.8470638,3.39589,10.226,,,
1540978976.9371164,3.39589,10.226,,,
1540978977.0356085,3.39589,10.226,,,
1540978977.1554682,3.39551,10.226,,,
1540978977.2373633,3.39551,10.2273,,,
1540978977.3385184,3.39551,10.2273,,,
1540978977.4369805,3.39551,10.2273,,,
1540978977.5446084,3.3952,10.2281,,,
1540978977.6513498,3.3952,10.2281,,,
1540978977.740979,3.3952,10.2281,0,0,0
1540978977.8375967,3.3949,10.2286,,,
1540978977.9393442,3.3949,10.2286,,,
1540978978.0438464,3.3949,10.2286,,,
1540978978.139332,3.39453,10.2286,,,
1540978978.2393515,3.39453,10.2296,,,
1540978978.3394742,3.39453,10.2296,,,
1540978978.458517,3.39423,10.2296,,,
1540978978.5645194,3.39423,10.2307,,,
1540978978.6428988,3.39423,10.2307,,,
1540978978.7485998,3.39423,10.2307,0,0,0
1540978978.8472455,3.39384,10.232,,,
1540978978.965177,3.39384,10.232,,,
1540978979.0501943,3.39384,10.232,,,
1540978979.1419735,3.39354,10.232,,,
1540978979.2450893,3.39354,10.233,,,
1540978979.3425865,3.39354,10.233,,,
1540978979.4483483,3.39354,10.233,,,
1540978979.542067,3.39316,10.234,,,
1540978979.645876,3.39316,10.234,,,
1540978979.7568524,3.39316,10.234,0,0,0
1540978979.8643043,3.39285,10.234,,,
1540978979.9458241,3.39285,10.2345,,,
1540978980.0459929,3.39285,10.2345,,,
1540978980.1555562,3.39249,10.2345,,,
1540978980.255437,3.39249,10.2356,,,
1540978980.3488433,3.39249,10.2356,,,
1540978980.4463267,3.39249,10.2356,,,
1540978980.5497355,3.39218,10.2374,,,
1540978980.650572,3.39218,10.2374,,,
1540978980.7481399,3.39218,10.2374,0,0,0
1540978980.846966,3.3918,10.2374,,,
1540978980.9490612,3.3918,10.2384,,,
1540978981.0659604,3.3918,10.2384,,,
1540978981.1704733,3.39149,10.2384,,,
1540978981.2509313,3.39149,10.2389,,,
1540978981.349203,3.39149,10.2389,,,
1540978981.4567196,3.39149,10.2389,,,
1540978981.5613992,3.39119,10.2399,,,
1540978981.6497235,3.39119,10.2399,,,
1540978981.7506452,3.39119,10.2399,0,0,0
1540978981.8597882,3.39082,10.2412,,,
1540978981.95658,3.39082,10.2412,,,
1540978982.053171,3.39082,10.2412,,,
1540978982.1528127,3.39044,10.2412,,,
1540978982.2539196,3.39044,10.2425,,,
1540978982.3728487,3.39044,10.2425,,,
1540978982.477256,3.39006,10.2425,,,
1540978982.5563636,3.39006,10.2438,,,
1540978982.6548653,3.39006,10.2438,,,
1540978982.76436,3.39006,10.2438,0,0,0
1540978982.8665848,3.38976,10.2438,,,
1540978982.958498,3.38976,10.2446,,,
1540978983.056963,3.38976,10.2446,,,
1540978983.1608937,3.38945,10.2446,,,
1540978983.2590535,3.38945,10.2451,,,
1540978983.3567638,3.38945,10.2451,,,
1540978983.455115,3.38945,10.2451,,,
1540978983.558775,3.38907,10.2461,,,
1540978983.6561177,3.38907,10.2461,,,
1540978983.781713,3.38907,10.2461,0,0,0
1540978983.8600957,3.3887,10.2461,,,
1540978983.9584563,3.3887,10.2474,,,
1540978984.0686283,3.3887,10.2474,,,
1540978984.1788204,3.3884,10.2474,,,
1540978984.2586386,3.3884,10.2484,,,
1540978984.359283,3.3884,10.2484,,,
1540978984.4663453,3.3884,10.2484,,,
1540978984.5687382,3.38802,10.2497,,,
1540978984.6607847,3.38802,10.2497,,,
1540978984.7572987,3.38802,10.2497,0,0,0
1540978984.8605375,3.38763,10.2497,,,
1540978984.9585295,3.38763,10.2507,,,
1540978985.0567985,3.38763,10.2507,,,
1540978985.156903,3.38733,10.2507,,,
1540978985.2590425,3.38733,10.2513,,,
1540978985.386665,3.38733,10.2513,,,
1540978985.483893,3.38733,10.2513,,,
1540978985.565295,3.38696,10.2523,,,
1540978985.6622837,3.38696,10.2523,,,
1540978985.766832,3.38696,10.2523,0,0,0
1540978985.8714952,3.38658,10.2523,,,
1540978985.96241,3.38658,10.2541,,,
1540978986.0593667,3.38658,10.2541,,,
1540978986.1647363,3.38628,10.2541,,,
1540978986.2661834,3.38628,10.2551,,,
1540978986.3601587,3.38628,10.2551,,,
1540978986.4598422,3.38628,10.2551,,,
1540978986.5610428,3.38589,10.2559,,,
1540978986.6642468,3.38589,10.2559,,,
1540978986.7681606,3.38589,10.2559,0,0,0
1540978986.8650236,3.38551,10.2559,,,
1540978986.9659135,3.38551,10.2569,,,
1540978987.0771406,3.38551,10.2569,,,
1540978987.184102,3.38521,10.2569,,,
1540978987.2692547,3.38521,10.2582,,,
1540978987.3645196,3.38521,10.2582,,,
1540978987.4760156,3.38521,10.2582,,,
1540978987.5823517,3.38484,10.2595,,,
1540978987.6683104,3.38484,10.2595,,,
1540978987.765097,3.38484,10.2595,0,0,0
1540978987.8720832,3.38446,10.2595,,,
1540978987.9671447,3.38446,10.2605,,,
1540978988.0680969,3.38446,10.2605,,,
1540978988.16529,3.38446,10.2605,,,
1540978988.2649207,3.38416,10.2613,,,
1540978988.3832884,3.38416,10.2613,,,
1540978988.486496,3.38416,10.2613,,,
1540978988.5672684,3.38377,10.2621,,,
1540978988.6672814,3.38377,10.2621,,,
1540978988.776289,3.38377,10.2621,0,0,0
1540978988.879557,3.38339,10.2621,,,
1540978988.967973,3.38339,10.2634,,,
1540978989.0671406,3.38339,10.2634,,,
1540978989.1647968,3.38339,10.2634,,,
1540978989.2684784,3.38303,10.2646,,,
1540978989.3695538,3.38303,10.2646,,,
1540978989.4688787,3.38303,10.2646,,,
1540978989.5681145,3.38264,10.2659,,,
1540978989.683265,3.38264,10.2659,,,
1540978989.8010771,3.38264,10.2659,0,0,0
1540978989.8775094,3.38234,10.2659,,,
1540978989.9707842,3.38234,10.2672,,,
1540978990.075773,3.38234,10.2672,,,
1540978990.1813722,3.38196,10.2672,,,
1540978990.2709973,3.38196,10.268,,,
1540978990.373031,3.38196,10.268,,,
1540978990.470596,3.38196,10.268,,,
1540978990.570602,3.38158,10.2688,,,
1540978990.6731234,3.38158,10.2688,,,
1540978990.7717893,3.38158,10.2688,0,0,0
1540978990.868872,3.38121,10.2688,,,
1540978990.9864037,3.38121,10.2698,,,
1540978991.093233,3.38121,10.2698,,,
1540978991.1713784,3.38121,10.2698,,,
1540978991.2695773,3.38083,10.2716,,,
1540978991.377377,3.38083,10.2716,,,
1540978991.486274,3.38083,10.2716,,,
1540978991.5727332,3.38052,10.2726,,,
1540978991.6737158,3.38052,10.2726,,,
1540978991.7789388,3.38052,10.2726,0,0,0
1540978991.8816621,3.38014,10.2726,,,
1540978991.973505,3.38014,10.2734,,,
1540978992.0738785,3.38014,10.2734,,,
1540978992.1743004,3.38014,10.2734,,,
1540978992.2762496,3.37976,10.2747,,,
1540978992.376108,3.37976,10.2747,,,
1540978992.4753716,3.37976,10.2747,,,
1540978992.5745187,3.37938,10.276,,,
1540978992.6907644,3.37938,10.276,,,
1540978992.7962072,3.37938,10.276,0,0,0
1540978992.8782337,3.37901,10.276,,,
1540978992.9787042,3.37901,10.2772,,,
1540978993.0872455,3.37901,10.2772,,,
1540978993.1914701,3.37901,10.2772,,,
1540978993.2853322,3.37863,10.2783,,,
1540978993.3771017,3.37863,10.2783,,,
1540978993.4857113,3.37863,10.2783,,,
1540978993.5900755,3.37833,10.2783,,,
1540978993.6854901,3.37833,10.2788,,,
1540978993.7804794,3.37833,10.2788,0,0,0
1540978993.883454,3.37794,10.2788,,,
1540978993.9913826,3.37794,10.2801,,,
1540978994.0804482,3.37794,10.2801,,,
1540978994.180853,3.37794,10.2801,,,
1540978994.2799964,3.37756,10.2811,,,
1540978994.3840668,3.37756,10.2811,,,
1540978994.4841201,3.37756,10.2811,,,
1540978994.584092,3.3772,10.2811,,,
1540978994.6815586,3.3772,10.2824,,,
1540978994.7982874,3.3772,10.2824,0,0,0
1540978994.90443,3.37682,10.2824,,,
1540978994.9891367,3.37682,10.2837,,,
1540978995.085292,3.37682,10.2837,,,
1540978995.196291,3.37682,10.2837,,,
1540978995.2964807,3.37643,10.285,,,
1540978995.385376,3.37643,10.285,,,
1540978995.4849885,3.37643,10.285,,,
1540978995.5859456,3.37605,10.2857,,,
1540978995.6857371,3.37605,10.2857,,,
1540978995.785733,3.37605,10.2857,0,0,0
1540978995.885697,3.37567,10.2857,,,
1540978995.9801543,3.37567,10.2865,,,
1540978996.0806427,3.37567,10.2865,,,
1540978996.1840155,3.37567,10.2865,,,
1540978996.2837331,3.37538,10.2878,,,
1540978996.3843765,3.37538,10.2878,,,
1540978996.4944725,3.37538,10.2878,,,
1540978996.5969799,3.375,10.2878,,,
1540978996.686783,3.375,10.2896,,,
1540978996.7908459,3.375,10.2896,0,0,0
1540978996.88674,3.37462,10.2896,,,
1540978996.9856863,3.37462,10.2904,,,
1540978997.0859406,3.37462,10.2904,,,
1540978997.185817,3.37462,10.2904,,,
1540978997.2831576,3.37424,10.2914,,,
1540978997.403234,3.37424,10.2914,,,
1540978997.5087335,3.37424,10.2914,,,
1540978997.592159,3.37386,10.2914,,,
1540978997.6919332,3.37386,10.2927,,,
1540978997.8022642,3.37386,10.2927,0,0,0
1540978997.9038732,3.37349,10.2927,,,
1540978997.9935107,3.37349,10.294,,,
1540978998.0900674,3.37349,10.294,,,
1540978998.1915903,3.37349,10.294,,,
1540978998.2942917,3.37311,10.2952,,,
1540978998.3887646,3.37311,10.2952,,,
1540978998.489238,3.37311,10.2952,,,
1540978998.5851357,3.37273,10.2952,,,
1540978998.687262,3.37273,10.2965,,,
1540978998.7899146,3.37273,10.2965,0,0,0
1540978998.889813,3.37242,10.2965,,,
1540978998.9877086,3.37242,10.297,,,
1540978999.1009777,3.37242,10.297,,,
1540978999.2040637,3.37242,10.297,,,
1540978999.2904692,3.37204,10.2981,,,
1540978999.3909345,3.37204,10.2981,,,
1540978999.490426,3.37204,10.2981,,,
1540978999.5914328,3.37166,10.2981,,,
1540978999.6914291,3.37166,10.2991,,,
1540978999.7910721,3.37166,10.2991,0,0,0
1540978999.8917441,3.37166,10.2991,,,
1540979000.0073242,3.37129,10.3006,,,
1540979000.1118124,3.37129,10.3006,,,
1540979000.1941593,3.37129,10.3006,,,
1540979000.290672,3.37091,10.3019,,,
1540979000.3977678,3.37091,10.3019,,,
1540979000.5093002,3.37091,10.3019,,,
1540979000.5985787,3.37053,10.3019,,,
1540979000.6967483,3.37053,10.303,,,
1540979000.8021677,3.37053,10.303,0,0,0
1540979000.8994238,3.37015,10.303,,,
1540979000.9985316,3.37015,10.304,,,
1540979001.0980942,3.37015,10.304,,,
1540979001.2001605,3.37015,10.304,,,
1540979001.2982342,3.36977,10.3048,,,
1540979001.3981993,3.36977,10.3048,,,
1540979001.4973478,3.36977,10.3048,,,
1540979001.5962973,3.3694,10.3048,,,
1540979001.7043371,3.3694,10.3063,,,
1540979001.813417,3.3694,10.3063,0,0,0
1540979001.8994215,3.3694,10.3063,,,
1540979001.9979799,3.36902,10.3076,,,
1540979002.101339,3.36902,10.3076,,,
1540979002.202909,3.36902,10.3076,,,
1540979002.2998505,3.36864,10.3084,,,
1540979002.3967538,3.36864,10.3084,,,
1540979002.4966226,3.36864,10.3084,,,
1540979002.6021452,3.36826,10.3084,,,
1540979002.7007596,3.36826,10.3096,,,
1540979002.7963421,3.36826,10.3096,0,0,0
1540979002.9002097,3.36826,10.3096,,,
1540979003.017286,3.36787,10.3109,,,
1540979003.1139157,3.36787,10.3109,,,
1540979003.1939082,3.36787,10.3109,,,
1540979003.294871,3.36751,10.3122,,,
1540979003.4037,3.36751,10.3122,,,
1540979003.5087879,3.36751,10.3122,,,
1540979003.5983543,3.36713,10.3122,,,
1540979003.696431,3.36713,10.3135,,,
1540979003.7976773,3.36713,10.3135,0,0,0
1540979003.899572,3.36713,10.3135,,,
1540979003.9993253,3.36674,10.3148,,,
1540979004.09412,3.36674,10.3148,,,
1540979004.1963167,3.36674,10.3148,,,
1540979004.316305,3.36636,10.3156,,,
1540979004.4166863,3.36636,10.3156,,,
1540979004.4958253,3.36636,10.3156,,,
1540979004.5977473,3.36598,10.3156,,,
1540979004.7061632,3.36598,10.3163,,,
1540979004.8093877,3.36598,10.3163,0,0,0
1540979004.8970215,3.36598,10.3163,,,
1540979004.9976568,3.36569,10.3174,,,
1540979005.1028419,3.36569,10.3174,,,
1540979005.203902,3.36569,10.3174,,,
1540979005.2996366,3.36531,10.3174,,,
1540979005.3955884,3.36531,10.3189,,,
1540979005.4958863,3.36531,10.3189,,,
1540979005.6001909,3.36493,10.3189,,,
1540979005.6999974,3.36493,10.3202,,,
1540979005.7979043,3.36493,10.3202,0,0,0
1540979005.8982637,3.36493,10.3202,,,
1540979006.0119083,3.36447,10.3215,,,
1540979006.1171677,3.36447,10.3215,,,
1540979006.2004523,3.36447,10.3215,,,
1540979006.2996798,3.36409,10.3215,,,
1540979006.4091282,3.36409,10.3225,,,
1540979006.5139885,3.36409,10.3225,,,
1540979006.6015766,3.36372,10.3225,,,
1540979006.7036808,3.36372,10.3235,,,
1540979006.808827,3.36372,10.3235,0,0,0
1540979006.914021,3.36372,10.3235,,,
1540979007.0038278,3.36334,10.3253,,,
1540979007.0974774,3.36334,10.3253,,,
1540979007.195636,3.36334,10.3253,,,
1540979007.303677,3.36296,10.3253,,,
1540979007.3922493,3.36296,10.3266,,,
1540979007.496224,3.36296,10.3266,,,
1540979007.598188,3.36296,10.3266,,,
1540979007.7129734,3.36258,10.3271,,,
1540979007.8240275,3.36258,10.3271,0,0,0
1540979007.895067,3.36258,10.3271,,,
1540979007.9950242,3.3622,10.3282,,,
1540979008.1091483,3.3622,10.3282,,,
1540979008.194215,3.3622,10.3282,,,
1540979008.2958736,3.36183,10.3282,,,
1540979008.4051275,3.36183,10.3295,,,
1540979008.498626,3.36183,10.3295,,,
1540979008.6133668,3.36145,10.3295,,,
1540979008.7031672,3.36145,10.3307,,,
1540979008.8085723,3.36145,10.3307,0,0,0
1540979008.9142044,3.36145,10.3307,,,
1540979009.0259864,3.36107,10.332,,,
1540979009.1130075,3.36107,10.332,,,
1540979009.202436,3.36107,10.332,,,
1540979009.3008718,3.36069,10.332,,,
1540979009.406592,3.36069,10.3333,,,
1540979009.5055606,3.36069,10.3333,,,
1540979009.6023474,3.36069,10.3333,,,
1540979009.704111,3.36031,10.3341,,,
1540979009.817005,3.36031,10.3341,0,0,0
1540979009.9172668,3.36031,10.3341,,,
1540979010.005055,3.36002,10.3349,,,
1540979010.1048107,3.36002,10.3349,,,
1540979010.2137814,3.36002,10.3349,,,
1540979010.318205,3.35956,10.3349,,,
1540979010.4083738,3.35956,10.3361,,,
1540979010.5068417,3.35956,10.3361,,,
1540979010.6072555,3.35956,10.3361,,,
1540979010.7093863,3.35918,10.3374,,,
1540979010.807623,3.35918,10.3374,0,0,0
1540979010.9054708,3.35918,10.3374,,,
1540979011.0040877,3.3588,10.3387,,,
1540979011.1243663,3.3588,10.3387,,,
1540979011.226347,3.3588,10.3387,,,
1540979011.3102534,3.35841,10.3387,,,
1540979011.407378,3.35841,10.34,,,
1540979011.516687,3.35841,10.34,,,
1540979011.6202457,3.35805,10.34,,,
1540979011.711723,3.35805,10.341,0,0,0
1540979011.8083944,3.35805,10.341,,,
1540979011.9161315,3.35805,10.341,,,
1540979012.0213664,3.35767,10.3421,,,
1540979012.1102195,3.35767,10.3421,,,
1540979012.2062156,3.35767,10.3421,,,
1540979012.311884,3.35728,10.3421,,,
1540979012.4239726,3.35728,10.3439,,,
1540979012.515741,3.35728,10.3439,,,
1540979012.6090639,3.35728,10.3439,,,
1540979012.7146099,3.3569,10.3451,,,
1540979012.8164787,3.3569,10.3451,0,0,0
1540979012.9116957,3.3569,10.3451,,,
1540979013.011295,3.35652,10.3457,,,
1540979013.1119492,3.35652,10.3457,,,
1540979013.213477,3.35652,10.3457,,,
1540979013.3128486,3.35616,10.3457,,,
1540979013.4115872,3.35616,10.3467,,,
1540979013.5076103,3.35616,10.3467,,,
1540979013.629081,3.35577,10.3467,,,
1540979013.7301002,3.35577,10.348,0,0,0
1540979013.81308,3.35577,10.348,,,
1540979013.9115,3.35577,10.348,,,
1540979014.0199716,3.35539,10.3493,,,
1540979014.126828,3.35539,10.3493,,,
1540979014.2136066,3.35539,10.3493,,,
1540979014.3149474,3.35501,10.3493,,,
1540979014.4226193,3.35501,10.3505,,,
1540979014.52299,3.35501,10.3505,,,
1540979014.6151035,3.35501,10.3505,,,
1540979014.7156258,3.35463,10.3518,0,0,0
1540979014.817196,3.35463,10.3518,,,
1540979014.9176128,3.35463,10.3518,,,
1540979015.0148497,3.35426,10.3518,,,
1540979015.116123,3.35426,10.3531,,,
1540979015.214816,3.35426,10.3531,,,
1540979015.3153462,3.35388,10.3531,,,
1540979015.4153175,3.35388,10.3539,,,
1540979015.5159504,3.35388,10.3539,,,
1540979015.6136837,3.35388,10.3539,,,
1540979015.7281365,3.3535,10.3547,,,
1540979015.8275194,3.3535,10.3547,0,0,0
1540979015.9162126,3.3535,10.3547,,,
1540979016.0142486,3.35312,10.3547,,,
1540979016.120553,3.35312,10.3559,,,
1540979016.221859,3.35312,10.3559,,,
1540979016.3168356,3.35274,10.3559,,,
1540979016.4173543,3.35274,10.3572,,,
1540979016.518128,3.35274,10.3572,,,
1540979016.618252,3.35274,10.3572,,,
1540979016.718282,3.35236,10.3585,0,0,0
1540979016.817806,3.35236,10.3585,,,
1540979016.9149675,3.35236,10.3585,,,
1540979017.034573,3.35199,10.3598,,,
1540979017.1366282,3.35199,10.3598,,,
1540979017.222446,3.35199,10.3598,,,
1540979017.3159032,3.35161,10.3598,,,
1540979017.4238703,3.35161,10.3611,,,
1540979017.5365598,3.35161,10.3611,,,
1540979017.6284647,3.35161,10.3611,,,
1540979017.7207732,3.35123,10.3624,0,0,0
1540979017.8182726,3.35123,10.3624,,,
1540979017.9242141,3.35123,10.3624,,,
1540979018.0196958,3.35085,10.3624,,,
1540979018.1258183,3.35085,10.3637,,,
1540979018.2189517,3.35085,10.3637,,,
1540979018.3352048,3.35046,10.3637,,,
1540979018.4367926,3.35046,10.3647,,,
1540979018.5213516,3.35046,10.3647,,,
1540979018.618992,3.35046,10.3647,,,
1540979018.7244692,3.3501,10.3655,0,0,0
1540979018.8330464,3.3501,10.3655,,,
1540979018.9217143,3.3501,10.3655,,,
1540979019.0196474,3.34972,10.3655,,,
1540979019.1212916,3.34972,10.3665,,,
1540979019.2229125,3.34972,10.3665,,,
1540979019.3216798,3.34972,10.3665,,,
1540979019.422554,3.34926,10.3678,,,
1540979019.5224361,3.34926,10.3678,,,
1540979019.6388278,3.34926,10.3678,,,
1540979019.7431662,3.34888,10.3693,0,0,0
1540979019.827666,3.34888,10.3693,,,
1540979019.9224477,3.34888,10.3693,,,
1540979020.0347261,3.34857,10.3693,,,
1540979020.1355453,3.34857,10.3704,,,
1540979020.2245991,3.34857,10.3704,,,
1540979020.3212886,3.34857,10.3704,,,
1540979020.4242284,3.34813,10.3719,,,
1540979020.527283,3.34813,10.3719,,,
1540979020.6254025,3.34813,10.3719,,,
1540979020.724779,3.34775,10.3729,0,0,0
1540979020.825527,3.34775,10.3729,,,
1540979020.9257944,3.34775,10.3729,,,
1540979021.025142,3.34737,10.3729,,,
1540979021.1255434,3.34737,10.3734,,,
1540979021.2261431,3.34737,10.3734,,,
1540979021.3366647,3.34698,10.3734,,,
1540979021.4481118,3.34698,10.3747,,,
1540979021.535196,3.34698,10.3747,,,
1540979021.6270463,3.34698,10.3747,,,
1540979021.747035,3.3466,10.376,0,0,0
1540979021.8520224,3.3466,10.376,,,
1540979021.9391692,3.3466,10.376,,,
1540979022.0300534,3.34624,10.376,,,
1540979022.127877,3.34624,10.3773,,,
1540979022.2301862,3.34624,10.3773,,,
1540979022.328259,3.34624,10.3773,,,
1540979022.4276342,3.34586,10.3786,,,
1540979022.5281339,3.34586,10.3786,,,
1540979022.6446097,3.34586,10.3786,,,
1540979022.7494059,3.34547,10.3799,0,0,0
1540979022.8286889,3.34547,10.3799,,,
1540979022.9291892,3.34547,10.3799,,,
1540979023.0381775,3.34502,10.3799,,,
1540979023.1394184,3.34502,10.3814,,,
1540979023.2292094,3.34502,10.3814,,,
1540979023.3313544,3.34502,10.3814,,,
1540979023.4291296,3.34465,10.3827,,,
1540979023.5350049,3.34465,10.3827,,,
1540979023.6351237,3.34465,10.3827,,,
1540979023.7355862,3.34427,10.384,0,0,0
1540979023.8307452,3.34427,10.384,,,
1540979023.946847,3.34427,10.384,,,
1540979024.0490015,3.34389,10.384,,,
1540979024.136266,3.34389,10.3853,,,
1540979024.2342277,3.34389,10.3853,,,
1540979024.3435824,3.34351,10.3853,,,
1540979024.4434516,3.34351,10.3858,,,
1540979024.535742,3.34351,10.3858,,,
1540979024.6327302,3.34351,10.3858,,,
1540979024.7407587,3.34312,10.3868,0,0,0
1540979024.8430502,3.34312,10.3868,,,
1540979024.9315193,3.34312,10.3868,,,
1540979025.028888,3.34274,10.3868,,,
1540979025.1334536,3.34274,10.3884,,,
1540979025.2446558,3.34274,10.3884,,,
1540979025.3325348,3.34274,10.3884,,,
1540979025.4304814,3.3423,10.3896,,,
1540979025.530314,3.3423,10.3896,,,
1540979025.6335354,3.3423,10.3896,,,
1540979025.7336247,3.34192,10.3896,0,0,0
1540979025.8325536,3.34192,10.3909,,,
1540979025.9330082,3.34192,10.3909,,,
1540979026.0552375,3.34154,10.3909,,,
1540979026.1571794,3.34154,10.3922,,,
1540979026.2391534,3.34154,10.3922,,,
1540979026.332628,3.34154,10.3922,,,
1540979026.4455414,3.34116,10.3935,,,
1540979026.552489,3.34116,10.3935,,,
1540979026.6352284,3.34116,10.3935,,,
1540979026.7329543,3.34079,10.3935,0,0,0
1540979026.8418593,3.34079,10.3943,,,
1540979026.9451938,3.34079,10.3943,,,
1540979027.0361414,3.34041,10.3943,,,
1540979027.1341696,3.34041,10.3961,,,
1540979027.2351918,3.34041,10.3961,,,
1540979027.33806,3.34041,10.3961,,,
1540979027.4372237,3.33995,10.3976,,,
1540979027.5376713,3.33995,10.3976,,,
1540979027.6347332,3.33995,10.3976,,,
1540979027.7547407,3.33957,10.3987,0,0,0
1540979027.866024,3.33957,10.3987,,,
1540979027.9401011,3.33957,10.3987,,,
1540979028.0435216,3.33919,10.3987,,,
1540979028.1509688,3.33919,10.3994,,,
1540979028.2547119,3.33919,10.3994,,,
1540979028.3377335,3.33919,10.3994,,,
1540979028.4357264,3.33882,10.4005,,,
1540979028.538921,3.33882,10.4005,,,
1540979028.6432338,3.33882,10.4005,,,
1540979028.7401292,3.33844,10.4005,0,0,0
1540979028.8382664,3.33844,10.4017,,,
1540979028.936874,3.33844,10.4017,,,
1540979029.0401256,3.33806,10.4017,,,
1540979029.1401105,3.33806,10.403,,,
1540979029.240755,3.33806,10.403,,,
1540979029.3390398,3.33806,10.403,,,
1540979029.4513516,3.33768,10.4046,,,
1540979029.5572443,3.33768,10.4046,,,
1540979029.64086,3.33768,10.4046,,,
1540979029.738452,3.33722,10.4046,0,0,0
1540979029.8436732,3.33722,10.4059,,,
1540979029.954634,3.33722,10.4059,,,
1540979030.0417604,3.33685,10.4059,,,
1540979030.1404073,3.33685,10.4071,,,
1540979030.245129,3.33685,10.4071,,,
1540979030.35447,3.33685,10.4071,,,
1540979030.4432523,3.33647,10.4074,,,
1540979030.5415962,3.33647,10.4074,,,
1540979030.6427028,3.33647,10.4074,,,
1540979030.7466853,3.33609,10.4074,0,0,0
1540979030.849882,3.33609,10.4087,,,
1540979030.9453611,3.33609,10.4087,,,
1540979031.0418882,3.33609,10.4087,,,
1540979031.1588109,3.33571,10.41,,,
1540979031.2633686,3.33571,10.41,,,
1540979031.3469543,3.33571,10.41,,,
1540979031.4402728,3.33533,10.4113,,,
1540979031.5504878,3.33533,10.4113,,,
1540979031.658067,3.33533,10.4113,,,
1540979031.7442157,3.33496,10.4113,0,0,0
1540979031.8417735,3.33496,10.4125,,,
1540979031.9452393,3.33496,10.4125,,,
1540979032.047731,3.33458,10.4125,,,
1540979032.1451988,3.33458,10.4138,,,
1540979032.242749,3.33458,10.4138,,,
1540979032.3475134,3.33458,10.4138,,,
1540979032.447116,3.3342,10.4154,,,
1540979032.5468552,3.3342,10.4154,,,
1540979032.645188,3.3342,10.4154,,,
1540979032.7464411,3.33382,10.4154,0,0,0
1540979032.8565834,3.33382,10.4167,,,
1540979032.9726737,3.33382,10.4167,,,
1540979033.0518987,3.33382,10.4167,,,
1540979033.1476066,3.33336,10.4179,,,
1540979033.2590506,3.33336,10.4179,,,
1540979033.3658588,3.33336,10.4179,,,
1540979033.4500694,3.33299,10.4192,,,
1540979033.547084,3.33299,10.4192,,,
1540979033.6550786,3.33299,10.4192,,,
1540979033.756585,3.33261,10.4192,0,0,0
1540979033.8466969,3.33261,10.4205,,,
1540979033.9446797,3.33261,10.4205,,,
1540979034.0497856,3.33261,10.4205,,,
1540979034.1518884,3.33223,10.421,,,
1540979034.2523997,3.33223,10.421,,,
1540979034.349581,3.33223,10.421,,,
1540979034.4490583,3.33185,10.4223,,,
1540979034.5665534,3.33185,10.4223,,,
1540979034.6669455,3.33185,10.4223,,,
1540979034.7494295,3.33147,10.4223,0,0,0
1540979034.8444676,3.33147,10.4236,,,
1540979034.9546995,3.33147,10.4236,,,
1540979035.060719,3.33147,10.4236,,,
1540979035.1513631,3.33102,10.4249,,,
1540979035.2486842,3.33102,10.4249,,,
1540979035.3483486,3.33102,10.4249,,,
1540979035.4531753,3.33064,10.4262,,,
1540979035.5497298,3.33064,10.4262,,,
1540979035.646921,3.33064,10.4262,,,
1540979035.7457595,3.33026,10.4262,0,0,0
1540979035.8639045,3.33026,10.4277,,,
1540979035.966403,3.33026,10.4277,,,
1540979036.047049,3.33026,10.4277,,,
1540979036.1578166,3.3298,10.4287,,,
1540979036.2550492,3.3298,10.4287,,,
1540979036.3650017,3.3298,10.4287,,,
1540979036.447898,3.32942,10.4287,,,
1540979036.5482562,3.32942,10.4298,,,
1540979036.6516473,3.32942,10.4298,,,
1540979036.7541351,3.32906,10.4298,0,0,0
1540979036.848171,3.32906,10.4316,,,
1540979036.9469311,3.32906,10.4316,,,
1540979037.0493195,3.32906,10.4316,,,
1540979037.154266,3.32867,10.4329,,,
1540979037.2508743,3.32867,10.4329,,,
1540979037.3492231,3.32867,10.4329,,,
1540979037.4716,3.32829,10.4329,,,
1540979037.5680048,3.32829,10.4339,,,
1540979037.6703458,3.32829,10.4339,,,
1540979037.7547748,3.32791,10.4339,0,0,0
1540979037.8520658,3.32791,10.4347,,,
1540979037.958463,3.32791,10.4347,,,
1540979038.0666466,3.32791,10.4347,,,
1540979038.155335,3.32745,10.4359,,,
1540979038.2543972,3.32745,10.4359,,,
1540979038.3536553,3.32745,10.4359,,,
1540979038.456195,3.32709,10.4359,,,
1540979038.5560184,3.32709,10.4372,,,
1540979038.6562622,3.32709,10.4372,,,
1540979038.755455,3.32671,10.4372,0,0,0
1540979038.8733373,3.32671,10.4385,,,
1540979038.9755127,3.32671,10.4385,,,
1540979039.057011,3.32671,10.4385,,,
1540979039.1557827,3.32632,10.4398,,,
1540979039.2626896,3.32632,10.4398,,,
1540979039.3672502,3.32632,10.4398,,,
1540979039.4549341,3.32594,10.4398,,,
1540979039.5511262,3.32594,10.4411,,,
1540979039.6758592,3.32594,10.4411,,,
1540979039.7602112,3.32556,10.4411,0,0,0
1540979039.8545942,3.32556,10.4424,,,
1540979039.9534795,3.32556,10.4424,,,
1540979040.0523698,3.32556,10.4424,,,
1540979040.156603,3.3252,10.4434,,,
1540979040.255957,3.3252,10.4434,,,
1540979040.352789,3.3252,10.4434,,,
1540979040.4532228,3.32474,10.4434,,,
1540979040.5694973,3.32474,10.4442,,,
1540979040.6725981,3.32474,10.4442,,,
1540979040.7536983,3.32474,10.4442,0,0,0
1540979040.8607948,3.32436,10.4455,,,
1540979040.9612494,3.32436,10.4455,,,
1540979041.0696814,3.32436,10.4455,,,
1540979041.1765518,3.32397,10.4473,,,
1540979041.2589295,3.32397,10.4473,,,
1540979041.3585384,3.32397,10.4473,,,
1540979041.4593868,3.32352,10.4473,,,
1540979041.556949,3.32352,10.4485,,,
1540979041.6546981,3.32352,10.4485,,,
1540979041.7554245,3.32352,10.4485,0,0,0
1540979041.8723648,3.32315,10.4496,,,
1540979041.988442,3.32315,10.4496,,,
1540979042.0660055,3.32315,10.4496,,,
1540979042.155158,3.32277,10.4509,,,
1540979042.2652278,3.32277,10.4509,,,
1540979042.3704011,3.32277,10.4509,,,
1540979042.4576948,3.32239,10.4509,,,
1540979042.5545864,3.32239,10.4521,,,
1540979042.6616144,3.32239,10.4521,,,
1540979042.7709267,3.32201,10.4521,0,0,0
1540979042.8572488,3.32201,10.4534,,,
1540979042.9549835,3.32201,10.4534,,,
1540979043.0616922,3.32201,10.4534,,,
1540979043.1723666,3.32162,10.455,,,
1540979043.2597818,3.32162,10.455,,,
1540979043.3559616,3.32162,10.455,,,
1540979043.4597485,3.32118,10.455,,,
1540979043.5704758,3.32118,10.456,,,
1540979043.656768,3.32118,10.456,,,
1540979043.7568831,3.32118,10.456,0,0,0
1540979043.863294,3.3208,10.4568,,,
1540979043.963892,3.3208,10.4568,,,
1540979044.0570068,3.3208,10.4568,,,
1540979044.1567378,3.32042,10.4578,,,
1540979044.255051,3.32042,10.4578,,,
1540979044.3569412,3.32042,10.4578,,,
1540979044.4601479,3.32004,10.4578,,,
1540979044.5564444,3.32004,10.4591,,,
1540979044.6549647,3.32004,10.4591,,,
1540979044.768621,3.32004,10.4591,0,0,0
1540979044.8870897,3.31967,10.4604,,,
1540979044.9784,3.31967,10.4604,,,
1540979045.0680606,3.31967,10.4604,,,
1540979045.1654472,3.31929,10.4619,,,
1540979045.2726943,3.31929,10.4619,,,
1540979045.359629,3.31929,10.4619,,,
1540979045.458945,3.31883,10.4619,,,
1540979045.561686,3.31883,10.4632,,,
1540979045.6665828,3.31883,10.4632,,,
1540979045.7602932,3.31883,10.4632,0,0,0
1540979045.86867,3.31845,10.4645,,,
1540979045.9602244,3.31845,10.4645,,,
1540979046.0813546,3.31845,10.4645,,,
1540979046.1609476,3.31807,10.4645,,,
1540979046.2609465,3.31807,10.466,,,
1540979046.3613627,3.31807,10.466,,,
1540979046.4688008,3.31763,10.466,,,
1540979046.5799594,3.31763,10.4673,,,
1540979046.6616995,3.31763,10.4673,,,
1540979046.7618134,3.31763,10.4673,0,0,0
1540979046.865068,3.31725,10.4686,,,
1540979046.974924,3.31725,10.4686,,,
1540979047.062042,3.31725,10.4686,,,
1540979047.1623237,3.31686,10.4686,,,
1540979047.269392,3.31686,10.4699,,,
1540979047.3750684,3.31686,10.4699,,,
1540979047.4710507,3.31648,10.4699,,,
1540979047.5611794,3.31648,10.4712,,,
1540979047.66466,3.31648,10.4712,,,
1540979047.7783308,3.31648,10.4712,0,0,0
1540979047.8894289,3.3161,10.4722,,,
1540979047.9685385,3.3161,10.4722,,,
1540979048.0639155,3.3161,10.4722,,,
1540979048.1684575,3.31573,10.4722,,,
1540979048.2654047,3.31573,10.473,,,
1540979048.364519,3.31573,10.473,,,
1540979048.465908,3.31535,10.473,,,
1540979048.588075,3.31535,10.4743,,,
1540979048.6953738,3.31535,10.4743,,,
1540979048.7708116,3.31535,10.4743,0,0,0
1540979048.8653815,3.3149,10.4756,,,
1540979048.9808137,3.3149,10.4756,,,
1540979049.0857627,3.3149,10.4756,,,
1540979049.171973,3.31451,10.4756,,,
1540979049.2668154,3.31451,10.4769,,,
1540979049.3797605,3.31451,10.4769,,,
1540979049.4847639,3.31413,10.4769,,,
1540979049.567905,3.31413,10.4781,,,
1540979049.6672049,3.31413,10.4781,,,
1540979049.7763906,3.31413,10.4781,0,0,0
1540979049.882239,3.31377,10.4797,,,
1540979049.9699166,3.31377,10.4797,,,
1540979050.0683417,3.31377,10.4797,,,
1540979050.1699839,3.31339,10.4797,,,
1540979050.273461,3.31339,10.4807,,,
1540979050.3672657,3.31339,10.4807,,,
1540979050.468618,3.31339,10.4807,,,
1540979050.568213,3.31293,10.4815,,,
1540979050.6877465,3.31293,10.4815,,,
1540979050.7688854,3.31293,10.4815,0,0,0
1540979050.873479,3.31255,10.4828,,,
1540979050.9690244,3.31255,10.4828,,,
1540979051.0789957,3.31255,10.4828,,,
1540979051.1850877,3.31216,10.4828,,,
1540979051.2720969,3.31216,10.4848,,,
1540979051.3693738,3.31216,10.4848,,,
1540979051.470017,3.31216,10.4848,,,
1540979051.5749612,3.3118,10.4861,,,
1540979051.6688495,3.3118,10.4861,,,
1540979051.7709305,3.3118,10.4861,0,0,0
1540979051.870875,3.31142,10.4866,,,
1540979051.9893823,3.31142,10.4866,,,
1540979052.0908608,3.31142,10.4866,,,
1540979052.1737018,3.31096,10.4866,,,
1540979052.2708497,3.31096,10.4879,,,
1540979052.3848963,3.31096,10.4879,,,
1540979052.4849885,3.31058,10.4879,,,
1540979052.580353,3.31058,10.4892,,,
1540979052.670077,3.31058,10.4892,,,
1540979052.77835,3.31058,10.4892,0,0,0
1540979052.884637,3.3102,10.4905,,,
1540979052.9901538,3.3102,10.4905,,,
1540979053.0800614,3.3102,10.4905,,,
1540979053.1730354,3.30983,10.4905,,,
1540979053.2750683,3.30983,10.4918,,,
1540979053.3685107,3.30983,10.4918,,,
1540979053.4756813,3.30983,10.4918,,,
1540979053.5752137,3.30937,10.4931,,,
1540979053.681487,3.30937,10.4931,,,
1540979053.8119552,3.30937,10.4931,0,0,0
1540979053.88702,3.30899,10.4946,,,
1540979053.9750767,3.30899,10.4946,,,
1540979054.0928295,3.30899,10.4946,,,
1540979054.1691744,3.30861,10.4946,,,
1540979054.2792895,3.30861,10.4959,,,
1540979054.378958,3.30861,10.4959,,,
1540979054.4833932,3.30861,10.4959,,,
1540979054.5909424,3.30823,10.4967,,,
1540979054.6770709,3.30823,10.4967,,,
1540979054.7744098,3.30823,10.4967,0,0,0
1540979054.878144,3.30786,10.4974,,,
1540979054.9870203,3.30786,10.4974,,,
1540979055.0710764,3.30786,10.4974,,,
1540979055.173317,3.30748,10.4974,,,
1540979055.2765157,3.30748,10.4987,,,
1540979055.3801045,3.30748,10.4987,,,
1540979055.4739223,3.30748,10.4987,,,
1540979055.573016,3.30702,10.5005,,,
1540979055.6738899,3.30702,10.5005,,,
1540979055.7967517,3.30702,10.5005,0,0,0
1540979055.877593,3.30664,10.5005,,,
1540979055.9809513,3.30664,10.5018,,,
1540979056.0856454,3.30664,10.5018,,,
1540979056.1885762,3.30626,10.5018,,,
1540979056.2716146,3.30626,10.5028,,,
1540979056.373877,3.30626,10.5028,,,
1540979056.4818532,3.30626,10.5028,,,
1540979056.5848434,3.30589,10.5041,,,
1540979056.690857,3.30589,10.5041,,,
1540979056.7823312,3.30589,10.5041,0,0,0
1540979056.8948195,3.30551,10.5041,,,
1540979056.98338,3.30551,10.5057,,,
1540979057.08426,3.30551,10.5057,,,
1540979057.1723359,3.30505,10.5057,,,
1540979057.2750182,3.30505,10.5069,,,
1540979057.3775208,3.30505,10.5069,,,
1540979057.4960318,3.30505,10.5069,,,
1540979057.5761752,3.30467,10.5082,,,
1540979057.6756303,3.30467,10.5082,,,
1540979057.7788305,3.30467,10.5082,0,0,0
1540979057.8882015,3.30429,10.5095,,,
1540979057.9964938,3.30429,10.5095,,,
1540979058.0771437,3.30429,10.5095,,,
1540979058.1768868,3.30385,10.5095,,,
1540979058.28256,3.30385,10.5111,,,
1540979058.3972445,3.30385,10.5111,,,
1540979058.475145,3.30385,10.5111,,,
1540979058.5813406,3.30347,10.5121,,,
1540979058.6822784,3.30347,10.5121,,,
1540979058.7837367,3.30347,10.5121,0,0,0
1540979058.8788226,3.30309,10.5121,,,
1540979058.9805965,3.30309,10.5126,,,
1540979059.081195,3.30309,10.5126,,,
1540979059.200329,3.3027,10.5126,,,
1540979059.3028448,3.3027,10.5139,,,
1540979059.3833578,3.3027,10.5139,,,
1540979059.4809937,3.3027,10.5139,,,
1540979059.5910378,3.30234,10.5152,,,
1540979059.7088044,3.30234,10.5152,,,
1540979059.830328,3.30234,10.5152,0,0,0
1540979059.8899586,3.30196,10.5152,,,
1540979059.9930441,3.30196,10.5165,,,
1540979060.0983293,3.30196,10.5165,,,
1540979060.1821663,3.30196,10.5165,,,
1540979060.2864988,3.3015,10.518,,,
1540979060.3904095,3.3015,10.518,,,
1540979060.4915082,3.3015,10.518,,,
1540979060.5867264,3.30112,10.5193,,,
1540979060.6839705,3.30112,10.5193,,,
1540979060.7808068,3.30112,10.5193,0,0,0
1540979060.8883803,3.30074,10.5193,,,
1540979060.9842699,3.30074,10.5206,,,
1540979061.0851638,3.30074,10.5206,,,
1540979061.1850965,3.30074,10.5206,,,
1540979061.3093224,3.30037,10.5221,,,
1540979061.40636,3.30037,10.5221,,,
1540979061.4830275,3.30037,10.5221,,,
1540979061.5899544,3.29999,10.5234,,,
1540979061.6955721,3.29999,10.5234,,,
1540979061.8048143,3.29999,10.5234,0,0,0
1540979061.8908777,3.29953,10.5234,,,
1540979061.9881008,3.29953,10.5247,,,
1540979062.1002445,3.29953,10.5247,,,
1540979062.202979,3.29915,10.5247,,,
1540979062.2853858,3.29915,10.526,,,
1540979062.3870585,3.29915,10.526,,,
1540979062.4887922,3.29915,10.526,,,
1540979062.593401,3.29877,10.5273,,,
1540979062.7273545,3.29877,10.5273,,,
1540979062.7947173,3.29877,10.5273,0,0,0
1540979062.8872056,3.2984,10.5273,,,
1540979063.008213,3.2984,10.5283,,,
1540979063.111825,3.2984,10.5283,,,
1540979063.1943436,3.2984,10.5283,,,
1540979063.2877553,3.29802,10.5291,,,
1540979063.4008174,3.29802,10.5291,,,
1540979063.5226753,3.29802,10.5291,,,
1540979063.5915937,3.29764,10.5303,,,
1540979063.6918755,3.29764,10.5303,,,
1540979063.7913952,3.29764,10.5303,0,0,0
1540979063.8932817,3.29718,10.5303,,,
1540979063.9870868,3.29718,10.5316,,,
1540979064.0892613,3.29718,10.5316,,,
1540979064.1887875,3.29718,10.5316,,,
1540979064.314879,3.2968,10.5329,,,
1540979064.4165504,3.2968,10.5329,,,
1540979064.4961805,3.2968,10.5329,,,
1540979064.5931637,3.29643,10.5342,,,
1540979064.703894,3.29643,10.5342,,,
1540979064.8743541,3.26645,10.5342,,,
1540979065.030953,3.26645,12.0909,,,
1540979065.183077,3.26645,12.0909,,,
1540979065.341373,3.21982,13.8918,,,
1540979065.493939,3.21982,13.8918,,,
1540979065.645817,3.21649,13.9059,,,
1540979065.80205,3.21649,13.9059,,,
1540979065.951877,3.21393,13.917,,,
1540979066.1209383,3.21393,13.917,,,
1540979066.269803,3.21173,13.9265,,,
1540979066.360303,3.21173,13.9265,0,0,0
1540979066.4648273,3.21173,13.9265,0,0,0
1540979066.546175,3.21173,13.9265,,,
1540979066.6630507,3.26402,11.2742,,,
1540979066.741921,3.26402,11.2742,0,0,0
1540979066.843683,3.26402,11.2742,,,
1540979066.9447877,3.28529,10.5697,,,
1540979067.0513215,3.28529,10.5697,,,
1540979067.1580653,3.28529,10.5697,,,
1540979067.244548,3.28613,10.5697,,,
1540979067.3455386,3.28613,10.5669,,,
1540979067.4462492,3.28613,10.5669,,,
1540979067.549897,3.28613,10.5669,,,
1540979067.6465802,3.28659,10.5653,,,
1540979067.7463262,3.28659,10.5653,0,0,0
1540979067.845794,3.28659,10.5653,,,
1540979067.9632046,3.28682,10.5646,,,
1540979068.069472,3.28682,10.5646,,,
1540979068.1497188,3.28682,10.5646,,,
1540979068.2471964,3.2869,10.5646,,,
1540979068.3563063,3.2869,10.5643,,,
1540979068.459901,3.2869,10.5643,,,
1540979068.5483851,3.2869,10.5643,,,
1540979068.6465926,3.2869,10.5643,,,
1540979068.7531908,3.2869,10.5643,0,0,0
1540979068.854935,3.2869,10.5643,,,
1540979068.9470532,3.28682,10.5648,,,
1540979069.0474982,3.28682,10.5648,,,
1540979069.148441,3.28682,10.5648,,,
1540979069.2488444,3.28667,10.5648,,,
1540979069.3499033,3.28667,10.5653,,,
1540979069.4489253,3.28667,10.5653,,,
1540979069.5496957,3.28667,10.5653,,,
1540979069.6622765,3.28651,10.5658,,,
1540979069.770909,3.28651,10.5658,0,0,0
1540979069.8522937,3.28651,10.5658,,,
1540979069.9529073,3.28636,10.5664,,,
1540979070.0581536,3.28636,10.5664,,,
1540979070.166311,3.28636,10.5664,,,
1540979070.254083,3.28613,10.5664,,,
1540979070.353285,3.28613,10.5674,,,
1540979070.4590404,3.28613,10.5674,,,
1540979070.5598977,3.28613,10.5674,,,
1540979070.6532698,3.28583,10.5682,,,
1540979070.7746346,3.28583,10.5682,0,0,0
1540979070.856538,3.28583,10.5682,,,
1540979070.9551237,3.2856,10.5689,,,
1540979071.0569293,3.2856,10.5689,,,
1540979071.1535096,3.2856,10.5689,,,
1540979071.2528684,3.28537,10.5689,,,
1540979071.3651402,3.28537,10.57,,,
1540979071.4744275,3.28537,10.57,,,
1540979071.5697007,3.28537,10.57,,,
1540979071.6610217,3.28506,10.5707,,,
1540979071.7630005,3.28506,10.5707,0,0,0
1540979071.87391,3.28506,10.5707,,,
1540979071.9616096,3.28477,10.5707,,,
1540979072.0568998,3.28477,10.5718,,,
1540979072.1602385,3.28477,10.5718,,,
1540979072.2611043,3.28447,10.5718,,,
1540979072.3758204,3.28447,10.5728,,,
1540979072.4678686,3.28447,10.5728,,,
1540979072.5563815,3.28447,10.5728,,,
1540979072.6586928,3.28416,10.5741,,,
1540979072.7551496,3.28416,10.5741,0,0,0
1540979072.8552673,3.28416,10.5741,,,
1540979072.954407,3.28386,10.5741,,,
1540979073.0683646,3.28386,10.5748,,,
1540979073.1762328,3.28386,10.5748,,,
1540979073.2653458,3.28355,10.5748,,,
1540979073.358871,3.28355,10.5761,,,
1540979073.4695854,3.28355,10.5761,,,
1540979073.5762498,3.28355,10.5761,,,
1540979073.660797,3.28317,10.5772,,,
1540979073.7579205,3.28317,10.5772,0,0,0
1540979073.8637486,3.28317,10.5772,,,
1540979073.9731555,3.28288,10.5772,,,
1540979074.0667107,3.28288,10.5782,,,
1540979074.1652637,3.28288,10.5782,,,
1540979074.2666817,3.28258,10.5782,,,
1540979074.3667352,3.28258,10.5792,,,
1540979074.4636908,3.28258,10.5792,,,
1540979074.563253,3.28258,10.5792,,,
1540979074.6641667,3.2822,10.5805,,,
1540979074.7805257,3.2822,10.5805,0,0,0
1540979074.86404,3.2822,10.5805,,,
1540979074.9648032,3.28189,10.5805,,,
1540979075.0649483,3.28189,10.581,,,
1540979075.1768296,3.28189,10.581,,,
1540979075.282473,3.28159,10.581,,,
1540979075.3757234,3.28159,10.5818,,,
1540979075.464376,3.28159,10.5818,,,
1540979075.5728438,3.28159,10.5818,,,
1540979075.6796167,3.28122,10.5828,,,
1540979075.7647417,3.28122,10.5828,0,0,0
1540979075.8697653,3.28122,10.5828,,,
1540979075.9750683,3.28084,10.5828,,,
1540979076.0811353,3.28084,10.5841,,,
1540979076.1692824,3.28084,10.5841,,,
1540979076.2686405,3.28053,10.5841,,,
1540979076.3668778,3.28053,10.5851,,,
1540979076.488767,3.28053,10.5851,,,
1540979076.5977955,3.28053,10.5851,,,
1540979076.6745853,3.28015,10.5864,,,
1540979076.774059,3.28015,10.5864,0,0,0
1540979076.8858116,3.28015,10.5864,,,
1540979076.9906697,3.27985,10.5864,,,
1540979077.0772784,3.27985,10.5877,,,
1540979077.1746593,3.27985,10.5877,,,
1540979077.2865694,3.27946,10.5877,,,
1540979077.3938527,3.27946,10.5887,,,
1540979077.473929,3.27946,10.5887,,,
1540979077.5753531,3.27946,10.5887,,,
1540979077.6817377,3.2791,10.59,,,
1540979077.7886558,3.2791,10.59,0,0,0
1540979077.8712382,3.2791,10.59,,,
1540979077.9738302,3.27872,10.59,,,
1540979078.0737226,3.27872,10.5913,,,
1540979078.1762133,3.27872,10.5913,,,
1540979078.2727315,3.27872,10.5913,,,
1540979078.3722174,3.27841,10.5923,,,
1540979078.473348,3.27841,10.5923,,,
1540979078.5926206,3.27841,10.5923,,,
1540979078.698751,3.27803,10.5936,,,
1540979078.7833812,3.27803,10.5936,0,0,0
1540979078.873332,3.27803,10.5936,,,
1540979078.999962,3.27773,10.5936,,,
1540979079.0965319,3.27773,10.5949,,,
1540979079.1862683,3.27773,10.5949,,,
1540979079.275208,3.27773,10.5949,,,
1540979079.3828099,3.27736,10.5959,,,
1540979079.4886026,3.27736,10.5959,,,
1540979079.575705,3.27736,10.5959,,,
1540979079.674445,3.27698,10.5972,,,
1540979079.7769396,3.27698,10.5972,0,0,0
1540979079.8795776,3.27698,10.5972,,,
1540979079.9754503,3.2766,10.5972,,,
1540979080.0760705,3.2766,10.5985,,,
1540979080.1752043,3.2766,10.5985,,,
1540979080.2910936,3.27629,10.5985,,,
1540979080.4001,3.27629,10.5995,,,
1540979080.5004835,3.27629,10.5995,,,
1540979080.581877,3.27629,10.5995,,,
1540979080.6839395,3.27591,10.6001,,,
1540979080.7852132,3.27591,10.6001,0,0,0
1540979080.886378,3.27591,10.6001,,,
1540979080.981633,3.2756,10.6001,,,
1540979081.0790799,3.2756,10.6011,,,
1540979081.1788092,3.2756,10.6011,,,
1540979081.3141868,3.27524,10.6011,,,
1540979081.3872054,3.27524,10.6024,,,
1540979081.4818578,3.27524,10.6024,,,
1540979081.5927074,3.27524,10.6024,,,
1540979081.6994252,3.27486,10.6034,,,
1540979081.7820888,3.27486,10.6034,0,0,0
1540979081.8793004,3.27486,10.6034,,,
1540979081.986316,3.27448,10.6034,,,
1540979082.0939448,3.27448,10.6049,,,
1540979082.1848824,3.27448,10.6049,,,
1540979082.2797918,3.27448,10.6049,,,
1540979082.3844438,3.27409,10.606,,,
1540979082.494326,3.27409,10.606,,,
1540979082.5822725,3.27409,10.606,,,
1540979082.684127,3.27371,10.6073,,,
1540979082.784181,3.27371,10.6073,0,0,0
1540979082.8858757,3.27371,10.6073,,,
1540979082.984678,3.27335,10.6073,,,
1540979083.0836625,3.27335,10.6086,,,
1540979083.1828213,3.27335,10.6086,,,
1540979083.2990656,3.27296,10.6086,,,
1540979083.4056356,3.27296,10.6098,,,
1540979083.4877405,3.27296,10.6098,,,
1540979083.5848498,3.27296,10.6098,,,
1540979083.692544,3.27258,10.6111,,,
1540979083.7971005,3.27258,10.6111,0,0,0
1540979083.8903544,3.27258,10.6111,,,
1540979083.982289,3.2722,10.6111,,,
1540979084.0887167,3.2722,10.6124,,,
1540979084.1948125,3.2722,10.6124,,,
1540979084.2810478,3.2722,10.6124,,,
1540979084.3811657,3.27182,10.6137,,,
1540979084.4803886,3.27182,10.6137,,,
1540979084.5869014,3.27182,10.6137,,,
1540979084.6827986,3.27145,10.6137,,,
1540979084.782798,3.27145,10.615,0,0,0
1540979084.8818157,3.27145,10.615,,,
1540979085.0030978,3.27107,10.615,,,
1540979085.1056855,3.27107,10.6163,,,
1540979085.1854153,3.27107,10.6163,,,
1540979085.2829018,3.27107,10.6163,,,
1540979085.3915887,3.27069,10.6176,,,
1540979085.4967945,3.27069,10.6176,,,
1540979085.5845416,3.27069,10.6176,,,
1540979085.6841686,3.27031,10.6176,,,
1540979085.7884808,3.27031,10.6188,0,0,0
1540979085.8912988,3.27031,10.6188,,,
1540979085.9847968,3.26993,10.6188,,,
1540979086.0849257,3.26993,10.6199,,,
1540979086.1837482,3.26993,10.6199,,,
1540979086.2891324,3.26993,10.6199,,,
1540979086.38516,3.26956,10.6206,,,
1540979086.4869924,3.26956,10.6206,,,
1540979086.5864425,3.26956,10.6206,,,
1540979086.701777,3.26918,10.6217,,,
1540979086.806413,3.26918,10.6217,0,0,0
1540979086.8896437,3.26918,10.6217,,,
1540979086.9869244,3.2688,10.6217,,,
1540979087.0931304,3.2688,10.623,,,
1540979087.1997778,3.2688,10.623,,,
1540979087.2926383,3.2688,10.623,,,
1540979087.386657,3.26842,10.625,,,
1540979087.4885578,3.26842,10.625,,,
1540979087.5906754,3.26842,10.625,,,
1540979087.6879485,3.26804,10.625,,,
1540979087.7866607,3.26804,10.6266,0,0,0
1540979087.8902366,3.26804,10.6266,,,
1540979088.0032594,3.26767,10.6266,,,
1540979088.113385,3.26767,10.6273,,,
1540979088.193059,3.26767,10.6273,,,
1540979088.2891574,3.26767,10.6273,,,
1540979088.4059947,3.26729,10.6281,,,
1540979088.5041618,3.26729,10.6281,,,
1540979088.5896368,3.26729,10.6281,,,
1540979088.6894176,3.26691,10.6281,,,
1540979088.7913682,3.26691,10.6294,0,0,0
1540979088.8959079,3.26691,10.6294,,,
1540979088.9910307,3.26691,10.6294,,,
1540979089.0895643,3.26653,10.6307,,,
1540979089.1936631,3.26653,10.6307,,,
1540979089.302008,3.26653,10.6307,,,
1540979089.398076,3.26614,10.632,,,
1540979089.4916399,3.26614,10.632,,,
1540979089.5882428,3.26614,10.632,,,
1540979089.70746,3.26578,10.6332,,,
1540979089.812137,3.26578,10.6332,0,0,0
1540979089.896398,3.26578,10.6332,,,
1540979090.0011075,3.26578,10.6332,,,
1540979090.1152842,3.2654,10.6345,,,
1540979090.2034616,3.2654,10.6345,,,
1540979090.2959046,3.2654,10.6345,,,
1540979090.395809,3.26501,10.6358,,,
1540979090.4973462,3.26501,10.6358,,,
1540979090.5983772,3.26501,10.6358,,,
1540979090.6960504,3.26463,10.6358,,,
1540979090.796684,3.26463,10.6371,0,0,0
1540979090.8967028,3.26463,10.6371,,,
1540979091.014833,3.26425,10.6371,,,
1540979091.119362,3.26425,10.6384,,,
1540979091.1998622,3.26425,10.6384,,,
1540979091.298251,3.26425,10.6384,,,
1540979091.4036934,3.26389,10.6397,,,
1540979091.5101,3.26389,10.6397,,,
1540979091.6005309,3.26389,10.6397,,,
1540979091.6971974,3.2635,10.6397,,,
1540979091.8016126,3.2635,10.6407,0,0,0
1540979091.9015214,3.2635,10.6407,,,
1540979091.9951122,3.2635,10.6407,,,
1540979092.0943756,3.26312,10.642,,,
1540979092.1937659,3.26312,10.642,,,
1540979092.316297,3.26312,10.642,,,
1540979092.4013467,3.26266,10.6438,,,
1540979092.4958577,3.26266,10.6438,,,
1540979092.5949497,3.26266,10.6438,,,
1540979092.7076607,3.26228,10.6438,,,
1540979092.8201692,3.26228,10.6451,0,0,0
1540979092.9036741,3.26228,10.6451,,,
1540979093.0024517,3.26228,10.6451,,,
1540979093.1060185,3.26192,10.6464,,,
1540979093.2115026,3.26192,10.6464,,,
1540979093.2975163,3.26192,10.6464,,,
1540979093.3969824,3.26154,10.6474,,,
1540979093.5017104,3.26154,10.6474,,,
1540979093.6054962,3.26154,10.6474,,,
1540979093.6986852,3.26115,10.6474,,,
1540979093.8000982,3.26115,10.6482,0,0,0
1540979093.895791,3.26115,10.6482,,,
1540979093.9992318,3.26115,10.6482,,,
1540979094.1024683,3.26077,10.6492,,,
1540979094.199322,3.26077,10.6492,,,
1540979094.3000863,3.26077,10.6492,,,
1540979094.4120743,3.26039,10.6505,,,
1540979094.529316,3.26039,10.6505,,,
1540979094.6062422,3.26039,10.6505,,,
1540979094.7033923,3.26003,10.6505,,,
1540979094.8047044,3.26003,10.6518,0,0,0
1540979094.9054763,3.26003,10.6518,,,
1540979095.0015073,3.26003,10.6518,,,
1540979095.102767,3.25964,10.653,,,
1540979095.1989918,3.25964,10.653,,,
1540979095.326462,3.25964,10.653,,,
1540979095.4088633,3.25926,10.653,,,
1540979095.5032077,3.25926,10.6543,,,
1540979095.6002378,3.25926,10.6543,,,
1540979095.713897,3.25888,10.6543,,,
1540979095.8252203,3.25888,10.6556,0,0,0
1540979095.9055808,3.25888,10.6556,,,
1540979096.005318,3.25888,10.6556,,,
1540979096.1312985,3.2585,10.6569,,,
1540979096.216958,3.2585,10.6569,,,
1540979096.3048291,3.2585,10.6569,,,
1540979096.4064004,3.25813,10.6569,,,
1540979096.5078309,3.25813,10.6584,,,
1540979096.6166298,3.25813,10.6584,,,
1540979096.7067316,3.25768,10.6584,0,0,0
1540979096.8058395,3.25768,10.6597,,,
1540979096.9269772,3.25768,10.6597,,,
1540979097.0114782,3.25768,10.6597,,,
1540979097.105567,3.25729,10.661,,,
1540979097.2057412,3.25729,10.661,,,
1540979097.3050957,3.25729,10.661,,,
1540979097.422439,3.25691,10.6623,,,
1540979097.5277948,3.25691,10.6623,,,
1540979097.6078494,3.25691,10.6623,,,
1540979097.7254581,3.25653,10.6623,,,
1540979097.813812,3.25653,10.6636,0,0,0
1540979097.9189184,3.25653,10.6636,,,
1540979098.005194,3.25653,10.6636,,,
1540979098.1065242,3.25616,10.6649,,,
1540979098.2063677,3.25616,10.6649,,,
1540979098.3127282,3.25616,10.6649,,,
1540979098.4068015,3.25578,10.6649,,,
1540979098.5101852,3.25578,10.6662,,,
1540979098.6047468,3.25578,10.6662,,,
1540979098.7092986,3.2554,10.6662,,,
1540979098.807517,3.2554,10.6674,0,0,0
1540979098.9072866,3.2554,10.6674,,,
1540979099.0098839,3.2554,10.6674,,,
1540979099.121233,3.25502,10.669,,,
1540979099.2323372,3.25502,10.669,,,
1540979099.3126647,3.25502,10.669,,,
1540979099.408661,3.25456,10.669,,,
1540979099.5165586,3.25456,10.6703,,,
1540979099.6235592,3.25456,10.6703,,,
1540979099.709006,3.25456,10.6703,0,0,0
1540979099.8115618,3.25427,10.6708,,,
1540979099.9120474,3.25427,10.6708,,,
1540979100.0159268,3.25427,10.6708,,,
1540979100.1096303,3.25389,10.6718,,,
1540979100.2115083,3.25389,10.6718,,,
1540979100.3121588,3.25389,10.6718,,,
1540979100.4139245,3.25351,10.6718,,,
1540979100.5105922,3.25351,10.6729,,,
1540979100.61229,3.25351,10.6729,,,
1540979100.7121677,3.25351,10.6729,,,
1540979100.8291607,3.25313,10.6741,0,0,0
1540979100.9378283,3.25313,10.6741,,,
1540979101.013946,3.25313,10.6741,,,
1540979101.11711,3.25275,10.6757,,,
1540979101.219365,3.25275,10.6757,,,
1540979101.3283963,3.25275,10.6757,,,
1540979101.4191952,3.2523,10.6757,,,
1540979101.5205214,3.2523,10.678,,,
1540979101.6145413,3.2523,10.678,,,
1540979101.7180426,3.2523,10.678,0,0,0
1540979101.8118987,3.25192,10.6788,,,
1540979101.9131525,3.25192,10.6788,,,
1540979102.0132666,3.25192,10.6788,,,
1540979102.114804,3.25154,10.6795,,,
1540979102.2183406,3.25154,10.6795,,,
1540979102.3144019,3.25154,10.6795,,,
1540979102.415036,3.25116,10.6795,,,
1540979102.5276566,3.25116,10.6808,,,
1540979102.639464,3.25116,10.6808,,,
1540979102.720684,3.25116,10.6808,0,0,0
1540979102.818144,3.25078,10.6821,,,
1540979102.9223318,3.25078,10.6821,,,
1540979103.0289962,3.25078,10.6821,,,
1540979103.1209357,3.25041,10.6834,,,
1540979103.2185633,3.25041,10.6834,,,
1540979103.321009,3.25041,10.6834,,,
1540979103.4213336,3.25003,10.6834,,,
1540979103.5179813,3.25003,10.6847,,,
1540979103.6194265,3.25003,10.6847,,,
1540979103.7142565,3.25003,10.6847,0,0,0
1540979103.8371458,3.24965,10.6862,,,
1540979103.9203393,3.24965,10.6862,,,
1540979104.0172536,3.24965,10.6862,,,
1540979104.1214306,3.24927,10.6875,,,
1540979104.240407,3.24927,10.6875,,,
1540979104.3390157,3.24927,10.6875,,,
1540979104.415168,3.24889,10.6875,,,
1540979104.5196416,3.24889,10.6888,,,
1540979104.626166,3.24889,10.6888,,,
1540979104.7272685,3.24889,10.6888,0,0,0
1540979104.824386,3.24844,10.6901,,,
1540979104.924122,3.24844,10.6901,,,
1540979105.0449128,3.24844,10.6901,,,
1540979105.126095,3.24806,10.6914,,,
1540979105.222616,3.24806,10.6914,,,
1540979105.3227463,3.24806,10.6914,,,
1540979105.424255,3.24768,10.6914,,,
1540979105.5386734,3.24768,10.6927,,,
1540979105.6428277,3.24768,10.6927,,,
1540979105.7264104,3.24768,10.6927,0,0,0
1540979105.8274534,3.2473,10.6942,,,
1540979105.9291084,3.2473,10.6942,,,
1540979106.0363436,3.2473,10.6942,,,
1540979106.128836,3.24692,10.6952,,,
1540979106.2281077,3.24692,10.6952,,,
1540979106.3226702,3.24692,10.6952,,,
1540979106.4290137,3.24655,10.6952,,,
1540979106.557687,3.24655,10.6968,,,
1540979106.6268978,3.24655,10.6968,,,
1540979106.7238972,3.24655,10.6968,0,0,0
1540979106.8385723,3.24609,10.6981,,,
1540979106.9499075,3.24609,10.6981,,,
1540979107.0289905,3.24609,10.6981,,,
1540979107.1240897,3.24571,10.6981,,,
1540979107.2328687,3.24571,10.6993,,,
1540979107.3535132,3.24571,10.6993,,,
1540979107.43051,3.24533,10.6993,,,
1540979107.5353975,3.24533,10.7006,,,
1540979107.628273,3.24533,10.7006,,,
1540979107.7320137,3.24533,10.7006,0,0,0
1540979107.826708,3.24495,10.7019,,,
1540979107.927465,3.24495,10.7019,,,
1540979108.0240352,3.24495,10.7019,,,
1540979108.151224,3.24458,10.7019,,,
1540979108.2268808,3.24458,10.7032,,,
1540979108.3302484,3.24458,10.7032,,,
1540979108.4288886,3.2442,10.7032,,,
1540979108.5447228,3.2442,10.704,,,
1540979108.6508794,3.2442,10.704,,,
1540979108.7342255,3.2442,10.704,0,0,0
1540979108.8269324,3.24382,10.705,,,
1540979108.9319546,3.24382,10.705,,,
1540979109.045785,3.24382,10.705,,,
1540979109.1359937,3.24344,10.705,,,
1540979109.23307,3.24344,10.7063,,,
1540979109.3353295,3.24344,10.7063,,,
1540979109.4361997,3.24298,10.7063,,,
1540979109.532256,3.24298,10.7076,,,
1540979109.6594493,3.24298,10.7076,,,
1540979109.739597,3.24298,10.7076,0,0,0
1540979109.8346112,3.24261,10.7089,,,
1540979109.9322953,3.24261,10.7089,,,
1540979110.0304992,3.24261,10.7089,,,
1540979110.1306388,3.24223,10.7089,,,
1540979110.247615,3.24223,10.7101,,,
1540979110.3553681,3.24223,10.7101,,,
1540979110.433474,3.24185,10.7101,,,
1540979110.5349555,3.24185,10.7119,,,
1540979110.639592,3.24185,10.7119,,,
1540979110.7471166,3.24185,10.7119,0,0,0
1540979110.8348742,3.24147,10.713,,,
1540979110.9356177,3.24147,10.713,,,
1540979111.0399528,3.24147,10.713,,,
1540979111.146619,3.24109,10.713,,,
1540979111.2354853,3.24109,10.714,,,
1540979111.3353558,3.24109,10.714,,,
1540979111.4390109,3.24072,10.714,,,
1540979111.5422413,3.24072,10.7153,,,
1540979111.6373422,3.24072,10.7153,,,
1540979111.7371001,3.24072,10.7153,0,0,0
1540979111.8376024,3.24034,10.7168,,,
1540979111.9402974,3.24034,10.7168,,,
1540979112.0384007,3.24034,10.7168,,,
1540979112.1385212,3.23996,10.7168,,,
1540979112.237829,3.23996,10.7181,,,
1540979112.3535912,3.23996,10.7181,,,
1540979112.434171,3.23996,10.7181,,,
1540979112.5396206,3.23958,10.7192,,,
1540979112.639727,3.23958,10.7192,,,
1540979112.7518468,3.23958,10.7192,0,0,0
1540979112.8565576,3.23912,10.7207,,,
1540979112.9459596,3.23912,10.7207,,,
1540979113.0406053,3.23912,10.7207,,,
1540979113.1452415,3.23875,10.7207,,,
1540979113.256641,3.23875,10.722,,,
1540979113.3557193,3.23875,10.722,,,
1540979113.4438396,3.23875,10.722,,,
1540979113.5430574,3.23837,10.7233,,,
1540979113.6402574,3.23837,10.7233,,,
1540979113.7443435,3.23837,10.7233,0,0,0
1540979113.8427322,3.23799,10.7246,,,
1540979113.9425838,3.23799,10.7246,,,
1540979114.0539474,3.23799,10.7246,,,
1540979114.1638973,3.23761,10.7246,,,
1540979114.2481515,3.23761,10.7261,,,
1540979114.344457,3.23761,10.7261,,,
1540979114.4508626,3.23761,10.7261,,,
1540979114.5598412,3.23723,10.7271,,,
1540979114.6523118,3.23723,10.7271,,,
1540979114.7454486,3.23723,10.7271,0,0,0
1540979114.851206,3.23686,10.7287,,,
1540979114.9573278,3.23686,10.7287,,,
1540979115.0460837,3.23686,10.7287,,,
1540979115.1449525,3.2364,10.7287,,,
1540979115.2523105,3.2364,10.73,,,
1540979115.358141,3.2364,10.73,,,
1540979115.4551117,3.2364,10.73,,,
1540979115.5598094,3.23602,10.7312,,,
1540979115.6468403,3.23602,10.7312,,,
1540979115.7495608,3.23602,10.7312,0,0,0
1540979115.8495157,3.23564,10.7325,,,
1540979115.9479313,3.23564,10.7325,,,
1540979116.0477588,3.23564,10.7325,,,
1540979116.166328,3.23526,10.7325,,,
1540979116.2707062,3.23526,10.7338,,,
1540979116.3558044,3.23526,10.7338,,,
1540979116.451546,3.23526,10.7338,,,
1540979116.558959,3.23489,10.7351,,,
1540979116.6695127,3.23489,10.7351,,,
1540979116.752722,3.23489,10.7351,0,0,0
1540979116.8516636,3.23451,10.7366,,,
1540979116.957319,3.23451,10.7366,,,
1540979117.064564,3.23451,10.7366,,,
1540979117.1513443,3.23405,10.7366,,,
1540979117.2522686,3.23405,10.7379,,,
1540979117.355194,3.23405,10.7379,,,
1540979117.4648826,3.23367,10.7379,,,
1540979117.5501685,3.23367,10.7392,,,
1540979117.6528966,3.23367,10.7392,,,
1540979117.7568767,3.23367,10.7392,0,0,0
1540979117.8644323,3.23329,10.7402,,,
1540979117.9521627,3.23329,10.7402,,,
1540979118.0533788,3.23329,10.7402,,,
1540979118.1524186,3.23293,10.7402,,,
1540979118.2570362,3.23293,10.741,,,
1540979118.3525314,3.23293,10.741,,,
1540979118.4719167,3.23293,10.741,,,
1540979118.5582917,3.23254,10.7421,,,
1540979118.6683207,3.23254,10.7421,,,
1540979118.773382,3.23254,10.7421,0,0,0
1540979118.8561826,3.23216,10.7421,,,
1540979118.952842,3.23216,10.7436,,,
1540979119.05956,3.23216,10.7436,,,
1540979119.1689806,3.2317,10.7436,,,
1540979119.2570555,3.2317,10.7449,,,
1540979119.3534288,3.2317,10.7449,,,
1540979119.461675,3.2317,10.7449,,,
1540979119.569705,3.23132,10.7462,,,
1540979119.6599612,3.23132,10.7462,,,
1540979119.7590628,3.23132,10.7462,0,0,0
1540979119.8592045,3.23096,10.7485,,,
1540979119.9601548,3.23096,10.7485,,,
1540979120.0574975,3.23096,10.7485,,,
1540979120.1625583,3.2305,10.7485,,,
1540979120.2558062,3.2305,10.7498,,,
1540979120.3730383,3.2305,10.7498,,,
1540979120.4558027,3.2305,10.7498,,,
1540979120.5553074,3.23012,10.7511,,,
1540979120.6559238,3.23012,10.7511,,,
1540979120.7650325,3.23012,10.7511,0,0,0
1540979120.8689263,3.22974,10.7511,,,
1540979120.9563825,3.22974,10.7518,,,
1540979121.056339,3.22974,10.7518,,,
1540979121.163868,3.22935,10.7518,,,
1540979121.2641454,3.22935,10.7529,,,
1540979121.3569207,3.22935,10.7529,,,
1540979121.4555492,3.22935,10.7529,,,
1540979121.5588787,3.22899,10.7541,,,
1540979121.6604402,3.22899,10.7541,,,
1540979121.759212,3.22899,10.7541,0,0,0
1540979121.860291,3.22861,10.7541,,,
1540979121.9583776,3.22861,10.7554,,,
1540979122.0953805,3.22861,10.7554,,,
1540979122.1807992,3.22815,10.7554,,,
1540979122.2550251,3.22815,10.7567,,,
1540979122.350805,3.22815,10.7567,,,
1540979122.464641,3.22815,10.7567,,,
1540979122.549789,3.22777,10.7583,,,
1540979122.64975,3.22777,10.7583,,,
1540979122.7515092,3.22777,10.7583,0,0,0
1540979122.8785257,3.22739,10.7583,,,
1540979122.9709957,3.22739,10.7593,,,
1540979123.0502415,3.22739,10.7593,,,
1540979123.150753,3.22739,10.7593,,,
1540979123.2507412,3.22702,10.7608,,,
1540979123.3599062,3.22702,10.7608,,,
1540979123.451029,3.22702,10.7608,,,
1540979123.5512817,3.22664,10.7621,,,
1540979123.6709468,3.22664,10.7621,,,
1540979123.7683744,3.22664,10.7621,0,0,0
1540979123.8530147,3.22626,10.7621,,,
1540979123.95276,3.22626,10.7634,,,
1540979124.052126,3.22626,10.7634,,,
1540979124.159366,3.22626,10.7634,,,
1540979124.270869,3.2258,10.7649,,,
1540979124.3528821,3.2258,10.7649,,,
1540979124.466687,3.2258,10.7649,,,
1540979124.5611463,3.22543,10.7662,,,
1540979124.6583729,3.22543,10.7662,,,
1540979124.7543762,3.22543,10.7662,0,0,0
1540979124.8541305,3.22505,10.7662,,,
1540979124.954261,3.22505,10.7675,,,
1540979125.0762644,3.22505,10.7675,,,
1540979125.1582193,3.22505,10.7675,,,
1540979125.2652252,3.22467,10.7688,,,
1540979125.3623855,3.22467,10.7688,,,
1540979125.4650111,3.22467,10.7688,,,
1540979125.5779972,3.22429,10.7703,,,
1540979125.655387,3.22429,10.7703,,,
1540979125.755407,3.22429,10.7703,0,0,0
1540979125.8593776,3.22383,10.7703,,,
1540979125.9727864,3.22383,10.7716,,,
1540979126.0593982,3.22383,10.7716,,,
1540979126.1759274,3.22383,10.7716,,,
1540979126.26688,3.22346,10.7729,,,
1540979126.3655014,3.22346,10.7729,,,
1540979126.456381,3.22346,10.7729,,,
1540979126.5558767,3.22308,10.7742,,,
1540979126.6558642,3.22308,10.7742,,,
1540979126.7784767,3.22308,10.7742,0,0,0
1540979126.857701,3.2227,10.7742,,,
1540979126.9595401,3.2227,10.7755,,,
1540979127.0772774,3.2227,10.7755,,,
1540979127.181101,3.22232,10.7755,,,
1540979127.257851,3.22232,10.7768,,,
1540979127.3566182,3.22232,10.7768,,,
1540979127.4568648,3.22232,10.7768,,,
1540979127.565496,3.22186,10.7783,,,
1540979127.6745036,3.22186,10.7783,,,
1540979127.7569888,3.22186,10.7783,0,0,0
1540979127.8572204,3.2215,10.7783,,,
1540979127.9743414,3.2215,10.7796,,,
1540979128.0651162,3.2215,10.7796,,,
1540979128.1578097,3.2215,10.7796,,,
1540979128.2581508,3.22112,10.7809,,,
1540979128.3578162,3.22112,10.7809,,,
1540979128.4790719,3.22112,10.7809,,,
1540979128.5628588,3.22073,10.7809,,,
1540979128.6581562,3.22073,10.7822,,,
1540979128.7800078,3.22073,10.7822,0,0,0
1540979128.869333,3.22035,10.7822,,,
1540979128.9822094,3.22035,10.7835,,,
1540979129.058105,3.22035,10.7835,,,
1540979129.1600006,3.22035,10.7835,,,
1540979129.2651148,3.21997,10.785,,,
1540979129.3764606,3.21997,10.785,,,
1540979129.4600773,3.21997,10.785,,,
1540979129.5794363,3.21953,10.785,,,
1540979129.6580293,3.21953,10.7863,,,
1540979129.7694514,3.21953,10.7863,0,0,0
1540979129.8598404,3.21915,10.7863,,,
1540979129.9586058,3.21915,10.7876,,,
1540979130.0585983,3.21915,10.7876,,,
1540979130.1801896,3.21915,10.7876,,,
1540979130.2628303,3.21877,10.7889,,,
1540979130.380784,3.21877,10.7889,,,
1540979130.4604354,3.21877,10.7889,,,
1540979130.570699,3.21838,10.7901,,,
1540979130.6604412,3.21838,10.7901,,,
1540979130.7608166,3.21838,10.7901,0,0,0
1540979130.8594544,3.21838,10.7901,,,
1540979130.9689782,3.21793,10.7917,,,
1540979131.077787,3.21793,10.7917,,,
1540979131.1815124,3.21793,10.7917,,,
1540979131.2611876,3.21756,10.793,,,
1540979131.3613286,3.21756,10.793,,,
1540979131.4697244,3.21756,10.793,,,
1540979131.5617402,3.21718,10.793,,,
1540979131.6630902,3.21718,10.7943,,,
1540979131.761093,3.21718,10.7943,0,0,0
1540979131.8799357,3.2168,10.7943,,,
1540979132.0006363,3.2168,10.7955,,,
1540979132.0635786,3.2168,10.7955,,,
1540979132.1638258,3.2168,10.7955,,,
1540979132.2781782,3.21642,10.7961,,,
1540979132.3868241,3.21642,10.7961,,,
1540979132.4644592,3.21642,10.7961,,,
1540979132.5649633,3.21603,10.7961,,,
1540979132.669073,3.21603,10.7971,,,
1540979132.7842438,3.21603,10.7971,0,0,0
1540979132.8694367,3.21603,10.7971,,,
1540979132.9648309,3.21567,10.7984,,,
1540979133.065326,3.21567,10.7984,,,
1540979133.1693003,3.21567,10.7984,,,
1540979133.2660859,3.21521,10.8004,,,
1540979133.3716853,3.21521,10.8004,,,
1540979133.4660873,3.21521,10.8004,,,
1540979133.5966353,3.21483,10.8004,,,
1540979133.6940753,3.21483,10.8022,,,
1540979133.7680633,3.21483,10.8022,0,0,0
1540979133.8664536,3.21483,10.8022,,,
1540979133.9753287,3.21445,10.8035,,,
1540979134.0831962,3.21445,10.8035,,,
1540979134.1658185,3.21445,10.8035,,,
1540979134.267059,3.21407,10.8051,,,
1540979134.3757398,3.21407,10.8051,,,
1540979134.4769385,3.21407,10.8051,,,
1540979134.5671916,3.21362,10.8051,,,
1540979134.6671946,3.21362,10.8064,,,
1540979134.7669578,3.21362,10.8064,0,0,0
1540979134.888042,3.21324,10.8064,,,
1540979134.968025,3.21324,10.8076,,,
1540979135.0665574,3.21324,10.8076,,,
1540979135.1718493,3.21324,10.8076,,,
1540979135.2987385,3.21286,10.8084,,,
1540979135.388405,3.21286,10.8084,,,
1540979135.4677727,3.21286,10.8084,,,
1540979135.568084,3.21248,10.8084,,,
1540979135.6691957,3.21248,10.8092,,,
1540979135.7779071,3.21248,10.8092,0,0,0
1540979135.868901,3.21248,10.8092,,,
1540979135.968098,3.2121,10.8105,,,
1540979136.07122,3.2121,10.8105,,,
1540979136.2067258,3.2121,10.8105,,,
1540979136.304688,3.21173,10.8118,,,
1540979136.371414,3.21173,10.8118,,,
1540979136.4682164,3.21173,10.8118,,,
1540979136.58643,3.21135,10.8118,,,
1540979136.6943004,3.21135,10.8133,,,
1540979136.7707865,3.21135,10.8133,0,0,0
1540979136.868385,3.21135,10.8133,,,
1540979136.9760525,3.21089,10.8146,,,
1540979137.0882072,3.21089,10.8146,,,
1540979137.1700337,3.21089,10.8146,,,
1540979137.2706769,3.21051,10.8159,,,
1540979137.3706903,3.21051,10.8159,,,
1540979137.4755473,3.21051,10.8159,,,
1540979137.5706484,3.21013,10.8159,,,
1540979137.669387,3.21013,10.8179,,,
1540979137.7710285,3.21013,10.8179,0,0,0
1540979137.907332,3.20969,10.8179,,,
1540979138.0056689,3.20969,10.8197,,,
1540979138.074542,3.20969,10.8197,,,
1540979138.1718962,3.20969,10.8197,,,
1540979138.2871537,3.2093,10.821,,,
1540979138.3721488,3.2093,10.821,,,
1540979138.4763844,3.2093,10.821,,,
1540979138.5744653,3.20892,10.821,,,
1540979138.6829793,3.20892,10.8223,,,
1540979138.7979822,3.20892,10.8223,0,0,0
1540979138.8755853,3.20892,10.8223,,,
1540979138.9758415,3.20854,10.8231,,,
1540979139.0759804,3.20854,10.8231,,,
1540979139.1815023,3.20854,10.8231,,,
1540979139.2783136,3.20816,10.8231,,,
1540979139.3760757,3.20816,10.8239,,,
1540979139.476083,3.20816,10.8239,,,
1540979139.6096838,3.20779,10.8239,,,
1540979139.6766777,3.20779,10.8254,,,
1540979139.7766752,3.20779,10.8254,0,0,0
1540979139.876573,3.20779,10.8254,,,
1540979139.9883912,3.20734,10.8267,,,
1540979140.076807,3.20734,10.8267,,,
1540979140.1770904,3.20734,10.8267,,,
1540979140.2772021,3.20695,10.8267,,,
1540979140.4093537,3.20695,10.828,,,
1540979140.4960735,3.20695,10.828,,,
1540979140.5766776,3.20657,10.828,,,
1540979140.676818,3.20657,10.8295,,,
1540979140.77939,3.20657,10.8295,0,0,0
1540979140.8864462,3.20657,10.8295,,,
1540979140.9781942,3.20621,10.8308,,,
1540979141.0782511,3.20621,10.8308,,,
1540979141.198893,3.20621,10.8308,,,
1540979141.2819536,3.20575,10.8308,,,
1540979141.377964,3.20575,10.8321,,,
1540979141.4784982,3.20575,10.8321,,,
1540979141.5781868,3.20575,10.8321,,,
1540979141.6919603,3.20537,10.8334,,,
1540979141.8037257,3.20537,10.8334,0,0,0
1540979141.8791664,3.20537,10.8334,,,
1540979142.0013106,3.20499,10.8352,,,
1540979142.0873637,3.20499,10.8352,,,
1540979142.1967006,3.20499,10.8352,,,
1540979142.2820718,3.20461,10.8352,,,
1540979142.3801644,3.20461,10.837,,,
1540979142.4819562,3.20461,10.837,,,
1540979142.5881166,3.20416,10.837,,,
1540979142.6804156,3.20416,10.8377,,,
1540979142.7980936,3.20416,10.8377,0,0,0
1540979142.8859499,3.20416,10.8377,,,
1540979143.003955,3.20378,10.8388,,,
1540979143.0855508,3.20378,10.8388,,,
1540979143.1801114,3.20378,10.8388,,,
1540979143.2788446,3.2034,10.8388,,,
1540979143.3932042,3.2034,10.8401,,,
1540979143.479473,3.2034,10.8401,,,
1540979143.5994303,3.2034,10.8401,,,
1540979143.6881816,3.20302,10.8416,,,
1540979143.7933369,3.20302,10.8416,0,0,0
1540979143.8817933,3.20302,10.8416,,,
1540979143.9809873,3.20264,10.8429,,,
1540979144.0819323,3.20264,10.8429,,,
1540979144.1865447,3.20264,10.8429,,,
1540979144.2982976,3.20219,10.8429,,,
1540979144.39352,3.20219,10.8442,,,
1540979144.4893456,3.20219,10.8442,,,
1540979144.5820413,3.20219,10.8442,,,
1540979144.6914248,3.20181,10.8455,,,
1540979144.7830513,3.20181,10.8455,0,0,0
1540979144.8828132,3.20181,10.8455,,,
1540979144.9829452,3.20143,10.847,,,
1540979145.1020398,3.20143,10.847,,,
1540979145.192818,3.20143,10.847,,,
1540979145.2935529,3.20097,10.847,,,
1540979145.383338,3.20097,10.8483,,,
1540979145.492416,3.20097,10.8483,,,
1540979145.5999787,3.20097,10.8483,,,
1540979145.6836736,3.20059,10.8496,,,
1540979145.7836618,3.20059,10.8496,0,0,0
1540979145.8835638,3.20059,10.8496,,,
1540979145.9995804,3.20023,10.8509,,,
1540979146.1271663,3.20023,10.8509,,,
1540979146.201098,3.20023,10.8509,,,
1540979146.2837436,3.19984,10.8509,,,
1540979146.4002075,3.19984,10.8521,,,
1540979146.4839852,3.19984,10.8521,,,
1540979146.5841155,3.19984,10.8521,,,
1540979146.6843479,3.19946,10.8534,,,
1540979146.7909553,3.19946,10.8534,0,0,0
1540979146.908748,3.19946,10.8534,,,
1540979147.0025945,3.19901,10.855,,,
1540979147.085107,3.19901,10.855,,,
1540979147.1853504,3.19901,10.855,,,
1540979147.2905796,3.19862,10.855,,,
1540979147.385603,3.19862,10.8563,,,
1540979147.4858468,3.19862,10.8563,,,
1540979147.5859644,3.19862,10.8563,,,
1540979147.7041433,3.19826,10.8575,,,
1540979147.813709,3.19826,10.8575,0,0,0
1540979147.886675,3.19826,10.8575,,,
1540979147.9862123,3.19788,10.8575,,,
1540979148.0906126,3.19788,10.8588,,,
1540979148.202955,3.19788,10.8588,,,
1540979148.2862165,3.19749,10.8588,,,
1540979148.3865783,3.19749,10.8604,,,
1540979148.4858377,3.19749,10.8604,,,
1540979148.615215,3.19749,10.8604,,,
1540979148.6898026,3.19704,10.8617,0,0,0
1540979148.7861934,3.19704,10.8617,,,
1540979148.8860786,3.19704,10.8617,,,
1540979148.991317,3.19666,10.8617,,,
1540979149.0881078,3.19666,10.8629,,,
1540979149.186556,3.19666,10.8629,,,
1540979149.28706,3.19629,10.8629,,,
1540979149.4195423,3.19629,10.8642,,,
1540979149.488959,3.19629,10.8642,,,
1540979149.5868092,3.19629,10.8642,,,
1540979149.6873245,3.19583,10.8658,,,
1540979149.7977962,3.19583,10.8658,0,0,0
1540979149.904941,3.19583,10.8658,,,
1540979149.9879606,3.19545,10.8658,,,
1540979150.0877094,3.19545,10.8671,,,
1540979150.2071404,3.19545,10.8671,,,
1540979150.2963223,3.19507,10.8671,,,
1540979150.387706,3.19507,10.8683,,,
1540979150.4880888,3.19507,10.8683,,,
1540979150.5880055,3.19507,10.8683,,,
1540979150.7108166,3.1947,10.8696,,,
1540979150.789329,3.1947,10.8696,0,0,0
1540979150.8880527,3.1947,10.8696,,,
1540979151.0099177,3.19432,10.8696,,,
1540979151.1026864,3.19432,10.8712,,,
1540979151.1880593,3.19432,10.8712,,,
1540979151.2881885,3.19432,10.8712,,,
1540979151.3885775,3.19386,10.8725,,,
1540979151.49706,3.19386,10.8725,,,
1540979151.6063232,3.19386,10.8725,,,
1540979151.688547,3.19348,10.8737,,,
1540979151.8115115,3.19348,10.8737,0,0,0
1540979151.8910408,3.19348,10.8737,,,
1540979151.996547,3.1931,10.8737,,,
1540979152.0895886,3.1931,10.875,,,
1540979152.191207,3.1931,10.875,,,
1540979152.291214,3.1931,10.875,,,
1540979152.4113245,3.19273,10.8766,,,
1540979152.495056,3.19273,10.8766,,,
1540979152.6096706,3.19273,10.8766,,,
1540979152.6966674,3.19228,10.8779,,,
1540979152.8011541,3.19228,10.8779,0,0,0
1540979152.8916576,3.19228,10.8779,,,
1540979152.9915287,3.19189,10.8779,,,
1540979153.0940344,3.19189,10.8792,,,
1540979153.2025735,3.19189,10.8792,,,
1540979153.2921822,3.19189,10.8792,,,
1540979153.4067578,3.19151,10.8807,,,
1540979153.4998121,3.19151,10.8807,,,
1540979153.6001842,3.19151,10.8807,,,
1540979153.7125633,3.19106,10.882,,,
1540979153.7956538,3.19106,10.882,0,0,0
1540979153.8941517,3.19106,10.882,,,
1540979153.994157,3.19069,10.882,,,
1540979154.101187,3.19069,10.8833,,,
1540979154.2040083,3.19069,10.8833,,,
1540979154.3027883,3.19069,10.8833,,,
1540979154.394657,3.19031,10.8846,,,
1540979154.5113049,3.19031,10.8846,,,
1540979154.5949006,3.19031,10.8846,,,
1540979154.6951675,3.18985,10.8858,,,
1540979154.7950354,3.18985,10.8858,0,0,0
1540979154.903033,3.18985,10.8858,,,
1540979155.019415,3.18947,10.8858,,,
1540979155.1091368,3.18947,10.8874,,,
1540979155.196031,3.18947,10.8874,,,
1540979155.2960224,3.18947,10.8874,,,
1540979155.4026854,3.18909,10.8894,,,
1540979155.4961607,3.18909,10.8894,,,
1540979155.596262,3.18909,10.8894,,,
1540979155.695636,3.18872,10.8902,,,
1540979155.817913,3.18872,10.8902,0,0,0
1540979155.922135,3.18872,10.8902,,,
1540979155.9966583,3.18826,10.8902,,,
1540979156.0960221,3.18826,10.8915,,,
1540979156.201305,3.18826,10.8915,,,
1540979156.3139076,3.18826,10.8915,,,
1540979156.3977242,3.18788,10.8928,,,
1540979156.4965138,3.18788,10.8928,,,
1540979156.5966349,3.18788,10.8928,,,
1540979156.7177856,3.18742,10.8943,,,
1540979156.7982903,3.18742,10.8943,0,0,0
1540979156.8970194,3.18742,10.8943,,,
1540979156.9970129,3.18704,10.8943,,,
1540979157.1159995,3.18704,10.8956,,,
1540979157.1998653,3.18704,10.8956,,,
1540979157.296624,3.18704,10.8956,,,
1540979157.3975368,3.18668,10.8972,,,
1540979157.522397,3.18668,10.8972,,,
1540979157.6155102,3.18668,10.8972,,,
1540979157.6977155,3.18622,10.8972,0,0,0
1540979157.798081,3.18622,10.8984,,,
1540979157.898061,3.18622,10.8984,,,
1540979158.0059986,3.18584,10.8984,,,
1540979158.0994902,3.18584,10.8997,,,
1540979158.1982372,3.18584,10.8997,,,
1540979158.3192527,3.18584,10.8997,,,
1540979158.4228773,3.18546,10.9013,,,
1540979158.4991145,3.18546,10.9013,,,
1540979158.5981448,3.18546,10.9013,,,
1540979158.7002783,3.18501,10.9013,,,
1540979158.8119981,3.18501,10.9026,0,0,0
1540979158.9241242,3.18501,10.9026,,,
1540979158.9995089,3.18463,10.9026,,,
1540979159.1213317,3.18463,10.9041,,,
1540979159.2063725,3.18463,10.9041,,,
1540979159.3165333,3.18463,10.9041,,,
1540979159.40014,3.18417,10.9064,,,
1540979159.4993887,3.18417,10.9064,,,
1540979159.5993936,3.18417,10.9064,,,
1540979159.706996,3.18379,10.9064,,,
1540979159.8011422,3.18379,10.9077,0,0,0
1540979159.9216945,3.18379,10.9077,,,
1540979160.001137,3.18379,10.9077,,,
1540979160.1212611,3.18341,10.909,,,
1540979160.2048545,3.18341,10.909,,,
1540979160.3015163,3.18341,10.909,,,
1540979160.4010005,3.18297,10.9105,,,
1540979160.5128443,3.18297,10.9105,,,
1540979160.6015294,3.18297,10.9105,,,
1540979160.7227144,3.18259,10.9105,,,
1540979160.804124,3.18259,10.9118,0,0,0
1540979160.9162383,3.18259,10.9118,,,
1540979161.0027697,3.18259,10.9118,,,
1540979161.1034865,3.18213,10.9131,,,
1540979161.2039833,3.18213,10.9131,,,
1540979161.312985,3.18213,10.9131,,,
1540979161.419494,3.18175,10.9139,,,
1540979161.5215483,3.18175,10.9139,,,
1540979161.6080496,3.18175,10.9139,,,
1540979161.7047331,3.18137,10.9139,,,
1540979161.8121421,3.18137,10.9149,0,0,0
1540979161.9054341,3.18137,10.9149,,,
1540979162.006393,3.18137,10.9149,,,
1540979162.1069703,3.181,10.9162,,,
1540979162.2285938,3.181,10.9162,,,
1540979162.3238127,3.181,10.9162,,,
1540979162.4146695,3.18062,10.9177,,,
1540979162.5065663,3.18062,10.9177,,,
1540979162.6177888,3.18062,10.9177,,,
1540979162.7066698,3.18016,10.9177,0,0,0
1540979162.8065238,3.18016,10.919,,,
1540979162.906692,3.18016,10.919,,,
1540979163.0155551,3.18016,10.919,,,
1540979163.1335394,3.17978,10.9203,,,
1540979163.2172017,3.17978,10.9203,,,
1540979163.3072278,3.17978,10.9203,,,
1540979163.408721,3.17932,10.9218,,,
1540979163.5165439,3.17932,10.9218,,,
1540979163.6081595,3.17932,10.9218,,,
1540979163.7081099,3.17896,10.9218,,,
1540979163.8081636,3.17896,10.9236,0,0,0
1540979163.9218245,3.17896,10.9236,,,
1540979164.0418127,3.1785,10.9236,,,
1540979164.1086967,3.1785,10.9257,,,
1540979164.208419,3.1785,10.9257,,,
1540979164.3235297,3.1785,10.9257,,,
1540979164.409815,3.17812,10.927,,,
1540979164.5086894,3.17812,10.927,,,
1540979164.6089373,3.17812,10.927,,,
1540979164.7231889,3.17773,10.927,,,
1540979164.9138246,3.17773,10.9285,,,
1540979165.0602133,3.11371,10.9285,,,
1540979165.2256644,3.11371,14.0052,,,
1540979165.3775861,3.09546,14.0052,,,
1540979165.5252726,3.09546,14.45,,,
1540979165.6940932,3.09546,14.45,,,
1540979165.841468,3.09213,14.4654,,,
1540979166.0127487,3.09213,14.4654,,,
1540979166.1656406,3.0894,14.478,,,
1540979166.3141987,3.0894,14.478,,,
1540979166.404064,3.09251,14.478,0,0,0
1540979166.5120726,3.09251,14.0297,0,0,0
1540979166.5844297,3.09251,14.0297,,,
1540979166.6837933,3.09251,14.0297,,,
1540979166.7917824,3.16389,10.9751,0,0,0
1540979166.881688,3.16389,10.9751,,,
1540979166.9817817,3.16389,10.9751,,,
1540979167.0805032,3.16571,10.9751,,,
1540979167.2045083,3.16571,10.9689,,,
1540979167.321327,3.16571,10.9689,,,
1540979167.3835268,3.16661,10.9689,,,
1540979167.482818,3.16661,10.9661,,,
1540979167.5981503,3.16661,10.9661,,,
1540979167.6823854,3.16661,10.9661,,,
1540979167.7833622,3.16707,10.9646,0,0,0
1540979167.8834014,3.16707,10.9646,,,
1540979167.9885507,3.16707,10.9646,,,
1540979168.1037517,3.1673,10.9646,,,
1540979168.1889696,3.1673,10.9638,,,
1540979168.2861204,3.1673,10.9638,,,
1540979168.3861492,3.16737,10.9638,,,
1540979168.4924588,3.16737,10.9635,,,
1540979168.5877771,3.16737,10.9635,,,
1540979168.6861765,3.16737,10.9635,,,
1540979168.7862828,3.16745,10.9633,0,0,0
1540979168.9228697,3.16745,10.9633,,,
1540979169.015221,3.16745,10.9633,,,
1540979169.093654,3.16737,10.9633,,,
1540979169.188393,3.16737,10.9635,,,
1540979169.2989187,3.16737,10.9635,,,
1540979169.389798,3.1673,10.9635,,,
1540979169.487381,3.1673,10.964,,,
1540979169.5880876,3.1673,10.964,,,
1540979169.7144787,3.1673,10.964,,,
1540979169.805451,3.16714,10.9643,0,0,0
1540979169.8892534,3.16714,10.9643,,,
1540979169.9892693,3.16714,10.9643,,,
1540979170.0886352,3.16692,10.9643,,,
1540979170.1989634,3.16692,10.9648,,,
1540979170.2892718,3.16692,10.9648,,,
1540979170.391671,3.16692,10.9648,,,
1540979170.4931803,3.16676,10.9658,,,
1540979170.5938628,3.16676,10.9658,,,
1540979170.693129,3.16676,10.9658,,,
1540979170.7904105,3.16653,10.9666,0,0,0
1540979170.8883965,3.16653,10.9666,,,
1540979171.0039182,3.16653,10.9666,,,
1540979171.088505,3.16623,10.9666,,,
1540979171.1917496,3.16623,10.9674,,,
1540979171.3089943,3.16623,10.9674,,,
1540979171.408109,3.166,10.9674,,,
1540979171.5064123,3.166,10.9684,,,
1540979171.5880275,3.166,10.9684,,,
1540979171.689439,3.166,10.9684,,,
1540979171.7883856,3.16571,10.9692,0,0,0
1540979171.8967946,3.16571,10.9692,,,
1540979171.9881961,3.16571,10.9692,,,
1540979172.0891557,3.16541,10.9692,,,
1540979172.2069163,3.16541,10.9702,,,
1540979172.312912,3.16541,10.9702,,,
1540979172.3903828,3.16541,10.9702,,,
1540979172.4884288,3.1651,10.9712,,,
1540979172.5884297,3.1651,10.9712,,,
1540979172.7036686,3.1651,10.9712,,,
1540979172.7896287,3.16479,10.9723,0,0,0
1540979172.8900552,3.16479,10.9723,,,
1540979173.010657,3.16479,10.9723,,,
1540979173.0966525,3.16449,10.9723,,,
1540979173.207751,3.16449,10.9733,,,
1540979173.2903795,3.16449,10.9733,,,
1540979173.3907664,3.16449,10.9733,,,
1540979173.491009,3.16418,10.9743,,,
1540979173.5962687,3.16418,10.9743,,,
1540979173.6908922,3.16418,10.9743,,,
1540979173.8119328,3.16382,10.9759,0,0,0
1540979173.8914278,3.16382,10.9759,,,
1540979174.0128822,3.16382,10.9759,,,
1540979174.1006534,3.16351,10.9759,,,
1540979174.1927595,3.16351,10.9777,,,
1540979174.2919986,3.16351,10.9777,,,
1540979174.4038756,3.16351,10.9777,,,
1540979174.4921315,3.16313,10.979,,,
1540979174.6130364,3.16313,10.979,,,
1540979174.6925101,3.16313,10.979,,,
1540979174.8068633,3.16283,10.98,0,0,0
1540979174.8938828,3.16283,10.98,,,
1540979174.9940016,3.16283,10.98,,,
1540979175.0943625,3.16245,10.98,,,
1540979175.2042484,3.16245,10.9813,,,
1540979175.3114064,3.16245,10.9813,,,
1540979175.417325,3.16245,10.9813,,,
1540979175.4943695,3.16214,10.9823,,,
1540979175.5947464,3.16214,10.9823,,,
1540979175.7028644,3.16214,10.9823,,,
1540979175.7953677,3.16177,10.9836,0,0,0
1540979175.8954935,3.16177,10.9836,,,
1540979175.995368,3.16177,10.9836,,,
1540979176.1172395,3.16147,10.9836,,,
1540979176.2343025,3.16147,10.9849,,,
1540979176.2958739,3.16147,10.9849,,,
1540979176.3960145,3.16147,10.9849,,,
1540979176.5077338,3.16109,10.9859,,,
1540979176.5968704,3.16109,10.9859,,,
1540979176.6961293,3.16109,10.9859,,,
1540979176.79588,3.16071,10.9859,0,0,0
1540979176.9046454,3.16071,10.9872,,,
1540979177.017728,3.16071,10.9872,,,
1540979177.0972493,3.16032,10.9872,,,
1540979177.1962464,3.16032,10.9885,,,
1540979177.2973847,3.16032,10.9885,,,
1540979177.4061275,3.16032,10.9885,,,
1540979177.4978163,3.15996,10.9898,,,
1540979177.5963671,3.15996,10.9898,,,
1540979177.6964903,3.15996,10.9898,,,
1540979177.8352075,3.15965,10.991,0,0,0
1540979177.9021008,3.15965,10.991,,,
1540979177.9972432,3.15965,10.991,,,
1540979178.0972385,3.15919,10.991,,,
1540979178.207701,3.15919,10.9923,,,
1540979178.2994974,3.15919,10.9923,,,
1540979178.3979847,3.15919,10.9923,,,
1540979178.4979784,3.15889,10.9936,,,
1540979178.6248302,3.15889,10.9936,,,
1540979178.7156062,3.15889,10.9936,0,0,0
1540979178.8068514,3.15843,10.9936,,,
1540979178.9069893,3.15843,10.9949,,,
1540979179.0061848,3.15843,10.9949,,,
1540979179.1325417,3.15807,10.9949,,,
1540979179.2134895,3.15807,10.9962,,,
1540979179.3080049,3.15807,10.9962,,,
1540979179.4243064,3.15807,10.9962,,,
1540979179.5194705,3.15768,10.9975,,,
1540979179.6083875,3.15768,10.9975,,,
1540979179.7088494,3.15768,10.9975,,,
1540979179.8085895,3.15738,10.9975,0,0,0
1540979179.918983,3.15738,10.9988,,,
1540979180.02684,3.15738,10.9988,,,
1540979180.109301,3.15692,10.9988,,,
1540979180.2207723,3.15692,11,,,
1540979180.3166716,3.15692,11,,,
1540979180.416935,3.15692,11,,,
1540979180.5126412,3.15654,11.0013,,,
1540979180.6130435,3.15654,11.0013,,,
1540979180.712807,3.15654,11.0013,,,
1540979180.8131185,3.15617,11.0013,0,0,0
1540979180.9096076,3.15617,11.0026,,,
1540979181.0139208,3.15617,11.0026,,,
1540979181.1292167,3.15579,11.0026,,,
1540979181.2282534,3.15579,11.0039,,,
1540979181.3333192,3.15579,11.0039,,,
1540979181.4102316,3.15579,11.0039,,,
1540979181.5099437,3.15541,11.0052,,,
1540979181.6132138,3.15541,11.0052,,,
1540979181.7270927,3.15541,11.0052,,,
1540979181.8108578,3.15503,11.0052,0,0,0
1540979181.9138117,3.15503,11.0065,,,
1540979182.0305514,3.15503,11.0065,,,
1540979182.1255832,3.15465,11.0065,,,
1540979182.209837,3.15465,11.008,,,
1540979182.310228,3.15465,11.008,,,
1540979182.4102259,3.15465,11.008,,,
1540979182.5289607,3.15428,11.0093,,,
1540979182.6108205,3.15428,11.0093,,,
1540979182.7108123,3.15428,11.0093,,,
1540979182.8108263,3.15382,11.0093,0,0,0
1540979182.9362984,3.15382,11.0106,,,
1540979183.030483,3.15382,11.0106,,,
1540979183.1102057,3.15382,11.0106,,,
1540979183.213199,3.15344,11.0119,,,
1540979183.3128068,3.15344,11.0119,,,
1540979183.4173596,3.15344,11.0119,,,
1540979183.511975,3.15306,11.0132,,,
1540979183.612221,3.15306,11.0132,,,
1540979183.7134407,3.15306,11.0132,,,
1540979183.8517838,3.1526,11.0145,0,0,0
1540979183.9460692,3.1526,11.0145,,,
1540979184.0158153,3.1526,11.0145,,,
1540979184.1140816,3.1526,11.0145,,,
1540979184.230206,3.15224,11.016,,,
1540979184.3180125,3.15224,11.016,,,
1540979184.4144459,3.15224,11.016,,,
1540979184.5144467,3.15186,11.0173,,,
1540979184.6246843,3.15186,11.0173,,,
1540979184.742722,3.15186,11.0173,0,0,0
1540979184.8158035,3.15147,11.0173,,,
1540979184.9148064,3.15147,11.0186,,,
1540979185.01811,3.15147,11.0186,,,
1540979185.1320822,3.15102,11.0186,,,
1540979185.2154114,3.15102,11.0201,,,
1540979185.3156686,3.15102,11.0201,,,
1540979185.4160588,3.15102,11.0201,,,
1540979185.5387526,3.15063,11.0214,,,
1540979185.6160533,3.15063,11.0214,,,
1540979185.7161741,3.15063,11.0214,0,0,0
1540979185.8154306,3.15019,11.0214,,,
1540979185.937767,3.15019,11.0229,,,
1540979186.0164275,3.15019,11.0229,,,
1540979186.115559,3.15019,11.0229,,,
1540979186.2165534,3.14981,11.0242,,,
1540979186.347151,3.14981,11.0242,,,
1540979186.441443,3.14981,11.0242,,,
1540979186.516797,3.14935,11.0258,,,
1540979186.6162827,3.14935,11.0258,,,
1540979186.7235448,3.14935,11.0258,0,0,0
1540979186.8339148,3.14897,11.0258,,,
1540979186.9164078,3.14897,11.0271,,,
1540979187.0167823,3.14897,11.0271,,,
1540979187.1381912,3.14897,11.0271,,,
1540979187.223034,3.14853,11.0294,,,
1540979187.3172884,3.14853,11.0294,,,
1540979187.417322,3.14853,11.0294,,,
1540979187.5176585,3.14815,11.0309,,,
1540979187.637022,3.14815,11.0309,,,
1540979187.7215257,3.14815,11.0309,0,0,0
1540979187.817273,3.14769,11.0309,,,
1540979187.938763,3.14769,11.0325,,,
1540979188.028051,3.14769,11.0325,,,
1540979188.1425583,3.14769,11.0325,,,
1540979188.2184095,3.14731,11.0337,,,
1540979188.3180177,3.14731,11.0337,,,
1540979188.4226427,3.14731,11.0337,,,
1540979188.5363095,3.14685,11.0337,,,
1540979188.618196,3.14685,11.0353,,,
1540979188.7356083,3.14685,11.0353,0,0,0
1540979188.8253102,3.14648,11.0353,,,
1540979188.9273164,3.14648,11.0366,,,
1540979189.020162,3.14648,11.0366,,,
1540979189.1180866,3.14648,11.0366,,,
1540979189.219419,3.14603,11.0381,,,
1540979189.3380291,3.14603,11.0381,,,
1540979189.4236581,3.14603,11.0381,,,
1540979189.5345004,3.14565,11.0381,,,
1540979189.6275704,3.14565,11.0394,,,
1540979189.7280378,3.14565,11.0394,0,0,0
1540979189.8366537,3.14519,11.0394,,,
1540979189.9191658,3.14519,11.0409,,,
1540979190.020158,3.14519,11.0409,,,
1540979190.1204062,3.14519,11.0409,,,
1540979190.2273097,3.14481,11.0422,,,
1540979190.3342445,3.14481,11.0422,,,
1540979190.4282959,3.14481,11.0422,,,
1540979190.52105,3.14436,11.0422,,,
1540979190.6380227,3.14436,11.0438,,,
1540979190.7212515,3.14436,11.0438,0,0,0
1540979190.8213754,3.14436,11.0438,,,
1540979190.9217443,3.14398,11.0451,,,
1540979191.0283,3.14398,11.0451,,,
1540979191.14633,3.14398,11.0451,,,
1540979191.231366,3.14352,11.0466,,,
1540979191.3232608,3.14352,11.0466,,,
1540979191.4231384,3.14352,11.0466,,,
1540979191.5337512,3.14307,11.0466,,,
1540979191.6223788,3.14307,11.0481,,,
1540979191.7240083,3.14307,11.0481,0,0,0
1540979191.824255,3.14307,11.0481,,,
1540979191.958275,3.1427,11.0494,,,
1540979192.0568726,3.1427,11.0494,,,
1540979192.126894,3.1427,11.0494,,,
1540979192.2243867,3.14224,11.051,,,
1540979192.3384895,3.14224,11.051,,,
1540979192.4473748,3.14224,11.051,,,
1540979192.524874,3.14186,11.051,,,
1540979192.6251292,3.14186,11.0525,,,
1540979192.7314816,3.14186,11.0525,0,0,0
1540979192.8372445,3.1414,11.0525,,,
1540979192.925622,3.1414,11.0548,,,
1540979193.0257473,3.1414,11.0548,,,
1540979193.1259983,3.1414,11.0548,,,
1540979193.2341175,3.14095,11.0561,,,
1540979193.3269963,3.14095,11.0561,,,
1540979193.4262335,3.14095,11.0561,,,
1540979193.5293005,3.14058,11.0561,,,
1540979193.6669574,3.14058,11.0571,,,
1540979193.7572844,3.14058,11.0571,0,0,0
1540979193.8273695,3.14058,11.0571,,,
1540979193.926986,3.14012,11.0592,,,
1540979194.0380952,3.14012,11.0592,,,
1540979194.1486397,3.14012,11.0592,,,
1540979194.2273529,3.13974,11.0607,,,
1540979194.3264763,3.13974,11.0607,,,
1540979194.427978,3.13974,11.0607,,,
1540979194.5472248,3.13928,11.0607,,,
1540979194.6281395,3.13928,11.062,,,
1540979194.7267222,3.13928,11.062,0,0,0
1540979194.8272684,3.13928,11.062,,,
1540979194.9483724,3.13884,11.0636,,,
1540979195.0326364,3.13884,11.0636,,,
1540979195.1272314,3.13884,11.0636,,,
1540979195.2272165,3.13838,11.0651,,,
1540979195.353886,3.13838,11.0651,,,
1540979195.4299955,3.13838,11.0651,,,
1540979195.528127,3.138,11.0651,,,
1540979195.6283755,3.138,11.0664,,,
1540979195.738495,3.138,11.0664,0,0,0
1540979195.8518894,3.13754,11.0664,,,
1540979195.9282563,3.13754,11.068,,,
1540979196.02821,3.13754,11.068,,,
1540979196.151701,3.13754,11.068,,,
1540979196.246341,3.13708,11.0695,,,
1540979196.328234,3.13708,11.0695,,,
1540979196.4282553,3.13708,11.0695,,,
1540979196.5304942,3.13664,11.0695,,,
1540979196.6373477,3.13664,11.071,,,
1540979196.729373,3.13664,11.071,0,0,0
1540979196.8283532,3.13664,11.071,,,
1540979196.950442,3.13626,11.0723,,,
1540979197.0498595,3.13626,11.0723,,,
1540979197.131746,3.13626,11.0723,,,
1540979197.2302349,3.1358,11.0723,,,
1540979197.3302405,3.1358,11.0739,,,
1540979197.4379508,3.1358,11.0739,,,
1540979197.5470884,3.13542,11.0739,,,
1540979197.6314912,3.13542,11.0754,,,
1540979197.752882,3.13542,11.0754,0,0,0
1540979197.8309836,3.13542,11.0754,,,
1540979197.9392238,3.1349,11.0767,,,
1540979198.0308588,3.1349,11.0767,,,
1540979198.1313574,3.1349,11.0767,,,
1540979198.2318242,3.13452,11.0767,,,
1540979198.3543353,3.13452,11.0782,,,
1540979198.4382527,3.13452,11.0782,,,
1540979198.5527997,3.13406,11.0782,,,
1540979198.6343305,3.13406,11.0798,,,
1540979198.7502205,3.13406,11.0798,0,0,0
1540979198.8564613,3.13406,11.0798,,,
1540979198.9337,3.13361,11.0816,,,
1540979199.0339606,3.13361,11.0816,,,
1540979199.1380157,3.13361,11.0816,,,
1540979199.2520883,3.13316,11.0816,,,
1540979199.3504431,3.13316,11.0839,,,
1540979199.4369528,3.13316,11.0839,,,
1540979199.5384784,3.13278,11.0839,,,
1540979199.6524758,3.13278,11.0854,,,
1540979199.7349544,3.13278,11.0854,0,0,0
1540979199.8349462,3.13278,11.0854,,,
1540979199.9350848,3.13232,11.0867,,,
1540979200.0442028,3.13232,11.0867,,,
1540979200.1495543,3.13232,11.0867,,,
1540979200.242322,3.13187,11.0867,,,
1540979200.3355796,3.13187,11.0883,,,
1540979200.4546893,3.13187,11.0883,,,
1540979200.537941,3.13187,11.0883,,,
1540979200.636071,3.13141,11.0898,,,
1540979200.736566,3.13141,11.0898,0,0,0
1540979200.8449345,3.13141,11.0898,,,
1540979200.9604106,3.13097,11.0914,,,
1540979201.0451715,3.13097,11.0914,,,
1540979201.13706,3.13097,11.0914,,,
1540979201.2362182,3.13051,11.0914,,,
1540979201.3434293,3.13051,11.0929,,,
1540979201.437634,3.13051,11.0929,,,
1540979201.537179,3.13051,11.0929,,,
1540979201.6363194,3.13013,11.0942,,,
1540979201.7726605,3.13013,11.0942,0,0,0
1540979201.8694499,3.13013,11.0942,,,
1540979201.9398205,3.12967,11.096,,,
1540979202.036663,3.12967,11.096,,,
1540979202.1482048,3.12967,11.096,,,
1540979202.262452,3.12923,11.096,,,
1540979202.3376963,3.12923,11.0973,,,
1540979202.4373024,3.12923,11.0973,,,
1540979202.5486336,3.12923,11.0973,,,
1540979202.655054,3.12877,11.0988,,,
1540979202.737931,3.12877,11.0988,0,0,0
1540979202.837765,3.12877,11.0988,,,
1540979202.9379225,3.12831,11.1004,,,
1540979203.0445447,3.12831,11.1004,,,
1540979203.1380436,3.12831,11.1004,,,
1540979203.238446,3.12793,11.1004,,,
1540979203.3380227,3.12793,11.1019,,,
1540979203.477946,3.12793,11.1019,,,
1540979203.5723238,3.1274,11.1019,,,
1540979203.641068,3.1274,11.1035,,,
1540979203.7391944,3.1274,11.1035,0,0,0
1540979203.8559043,3.1274,11.1035,,,
1540979203.9630468,3.12703,11.1047,,,
1540979204.038041,3.12703,11.1047,,,
1540979204.1397936,3.12703,11.1047,,,
1540979204.2445283,3.12657,11.1047,,,
1540979204.3612463,3.12657,11.1071,,,
1540979204.440176,3.12657,11.1071,,,
1540979204.5383964,3.12657,11.1071,,,
1540979204.6386762,3.12611,11.1091,,,
1540979204.7494297,3.12611,11.1091,0,0,0
1540979204.8401816,3.12611,11.1091,,,
1540979204.939035,3.12566,11.1107,,,
1540979205.0394151,3.12566,11.1107,,,
1540979205.1768484,3.12566,11.1107,,,
1540979205.2422898,3.12521,11.1107,,,
1540979205.3409235,3.12521,11.1119,,,
1540979205.4409263,3.12521,11.1119,,,
1540979205.5491612,3.12521,11.1119,,,
1540979205.6580238,3.12476,11.1135,,,
1540979205.7414086,3.12476,11.1135,0,0,0
1540979205.841145,3.12476,11.1135,,,
1540979205.9629889,3.1243,11.115,,,
1540979206.0500326,3.1243,11.115,,,
1540979206.1431644,3.1243,11.115,,,
1540979206.2421515,3.12384,11.115,,,
1540979206.342409,3.12384,11.1166,,,
1540979206.465032,3.12384,11.1166,,,
1540979206.5479026,3.12384,11.1166,,,
1540979206.6441674,3.1234,11.1181,,,
1540979206.7633662,3.1234,11.1181,0,0,0
1540979206.8549075,3.1234,11.1181,,,
1540979206.9672837,3.12294,11.1181,,,
1540979207.045031,3.12294,11.1197,,,
1540979207.1457772,3.12294,11.1197,,,
1540979207.2501621,3.12248,11.1197,,,
1540979207.3621342,3.12248,11.1212,,,
1540979207.4455342,3.12248,11.1212,,,
1540979207.5622275,3.12248,11.1212,,,
1540979207.650169,3.12202,11.1227,,,
1540979207.7549047,3.12202,11.1227,0,0,0
1540979207.8458996,3.12202,11.1227,,,
1540979207.946021,3.12158,11.1227,,,
1540979208.0464025,3.12158,11.1243,,,
1540979208.1650188,3.12158,11.1243,,,
1540979208.2471519,3.1212,11.1243,,,
1540979208.360583,3.1212,11.1258,,,
1540979208.4527674,3.1212,11.1258,,,
1540979208.5558846,3.1212,11.1258,,,
1540979208.663517,3.12074,11.1274,,,
1540979208.7471328,3.12074,11.1274,0,0,0
1540979208.8475785,3.12074,11.1274,,,
1540979208.9475904,3.12029,11.1274,,,
1540979209.0541732,3.12029,11.1289,,,
1540979209.1568484,3.12029,11.1289,,,
1540979209.2553937,3.11983,11.1289,,,
1540979209.3467665,3.11983,11.1305,,,
1540979209.4656267,3.11983,11.1305,,,
1540979209.5482347,3.11983,11.1305,,,
1540979209.6480129,3.11938,11.132,,,
1540979209.7481658,3.11938,11.132,0,0,0
1540979209.855758,3.11938,11.132,,,
1540979209.9731956,3.11893,11.132,,,
1540979210.06115,3.11893,11.1335,,,
1540979210.148147,3.11893,11.1335,,,
1540979210.247719,3.11893,11.1335,,,
1540979210.3561234,3.11847,11.1359,,,
1540979210.44783,3.11847,11.1359,,,
1540979210.5478206,3.11847,11.1359,,,
1540979210.6481419,3.11794,11.1377,,,
1540979210.779174,3.11794,11.1377,0,0,0
1540979210.8826196,3.11794,11.1377,,,
1540979210.949773,3.11749,11.1377,,,
1540979211.0493855,3.11749,11.1392,,,
1540979211.1656172,3.11749,11.1392,,,
1540979211.2728634,3.11703,11.1392,,,
1540979211.3482618,3.11703,11.1407,,,
1540979211.4481518,3.11703,11.1407,,,
1540979211.5557492,3.11703,11.1407,,,
1540979211.6677005,3.11658,11.1423,,,
1540979211.7501483,3.11658,11.1423,0,0,0
1540979211.848883,3.11658,11.1423,,,
1540979211.9486263,3.11612,11.1423,,,
1540979212.0581443,3.11612,11.1438,,,
1540979212.1493828,3.11612,11.1438,,,
1540979212.2492552,3.11612,11.1438,,,
1540979212.350895,3.11568,11.1454,,,
1540979212.4866903,3.11568,11.1454,,,
1540979212.5828578,3.11568,11.1454,,,
1540979212.6536047,3.11522,11.1469,,,
1540979212.751127,3.11522,11.1469,0,0,0
1540979212.8602436,3.11522,11.1469,,,
1540979212.9676812,3.11476,11.1469,,,
1540979213.051367,3.11476,11.1485,,,
1540979213.1527362,3.11476,11.1485,,,
1540979213.2536118,3.11476,11.1485,,,
1540979213.3741865,3.1143,11.15,,,
1540979213.4527264,3.1143,11.15,,,
1540979213.5520961,3.1143,11.15,,,
1540979213.653475,3.11386,11.1521,,,
1540979213.7763555,3.11386,11.1521,0,0,0
1540979213.8593743,3.11386,11.1521,,,
1540979213.9538517,3.1134,11.1521,,,
1540979214.054233,3.1134,11.1544,,,
1540979214.183815,3.1134,11.1544,,,
1540979214.2781136,3.11287,11.1544,,,
1540979214.3548543,3.11287,11.1559,,,
1540979214.4544713,3.11287,11.1559,,,
1540979214.559091,3.11287,11.1559,,,
1540979214.6731322,3.11241,11.1575,,,
1540979214.7559645,3.11241,11.1575,0,0,0
1540979214.8582995,3.11241,11.1575,,,
1540979214.9758794,3.11197,11.1575,,,
1540979215.0644732,3.11197,11.159,,,
1540979215.155843,3.11197,11.159,,,
1540979215.2559662,3.11197,11.159,,,
1540979215.3559566,3.11151,11.1606,,,
1540979215.4760873,3.11151,11.1606,,,
1540979215.5589683,3.11151,11.1606,,,
1540979215.6560807,3.11105,11.1621,,,
1540979215.7759912,3.11105,11.1621,0,0,0
1540979215.866588,3.11105,11.1621,,,
1540979215.9565845,3.1106,11.1621,,,
1540979216.0561025,3.1106,11.1637,,,
1540979216.1558125,3.1106,11.1637,,,
1540979216.2658405,3.1106,11.1637,,,
1540979216.3738365,3.11014,11.1652,,,
1540979216.4560788,3.11014,11.1652,,,
1540979216.5755303,3.11014,11.1652,,,
1540979216.6587095,3.1097,11.1652,,,
1540979216.7663505,3.1097,11.167,0,0,0
1540979216.8570714,3.1097,11.167,,,
1540979216.956833,3.10916,11.167,,,
1540979217.0568252,3.10916,11.1688,,,
1540979217.178315,3.10916,11.1688,,,
1540979217.2634585,3.10916,11.1688,,,
1540979217.3716393,3.1087,11.1711,,,
1540979217.4655771,3.1087,11.1711,,,
1540979217.568959,3.1087,11.1711,,,
1540979217.6831002,3.10825,11.1711,,,
1540979217.758048,3.10825,11.1727,0,0,0
1540979217.8583512,3.10825,11.1727,,,
1540979217.9656804,3.1078,11.1727,,,
1540979218.075316,3.1078,11.1742,,,
1540979218.1683156,3.1078,11.1742,,,
1540979218.2664344,3.1078,11.1742,,,
1540979218.3580358,3.10727,11.176,,,
1540979218.4646826,3.10727,11.176,,,
1540979218.558174,3.10727,11.176,,,
1540979218.6599433,3.10681,11.176,,,
1540979218.758014,3.10681,11.1775,0,0,0
1540979218.8780744,3.10681,11.1775,,,
1540979218.9692984,3.10635,11.1775,,,
1540979219.07133,3.10635,11.1791,,,
1540979219.1584544,3.10635,11.1791,,,
1540979219.2684412,3.10635,11.1791,,,
1540979219.3595345,3.10591,11.1806,,,
1540979219.458823,3.10591,11.1806,,,
1540979219.5585732,3.10591,11.1806,,,
1540979219.6661777,3.10538,11.1806,,,
1540979219.786129,3.10538,11.1824,0,0,0
1540979219.879234,3.10538,11.1824,,,
1540979219.9667206,3.10538,11.1824,,,
1540979220.0622349,3.10492,11.184,,,
1540979220.1691947,3.10492,11.184,,,
1540979220.2623272,3.10492,11.184,,,
1540979220.3630738,3.10446,11.1855,,,
1540979220.4628923,3.10446,11.1855,,,
1540979220.5890937,3.10446,11.1855,,,
1540979220.6918077,3.10402,11.1855,,,
1540979220.7668786,3.10402,11.1873,0,0,0
1540979220.8634698,3.10402,11.1873,,,
1540979220.9716384,3.10402,11.1873,,,
1540979221.081453,3.10356,11.1899,,,
1540979221.1633158,3.10356,11.1899,,,
1540979221.2640946,3.10356,11.1899,,,
1540979221.3640609,3.10303,11.1914,,,
1540979221.4847426,3.10303,11.1914,,,
1540979221.5653172,3.10303,11.1914,,,
1540979221.6659706,3.10257,11.1914,,,
1540979221.7662258,3.10257,11.193,0,0,0
1540979221.8862662,3.10257,11.193,,,
1540979221.9682705,3.10257,11.193,,,
1540979222.0661123,3.10213,11.1948,,,
1540979222.1660914,3.10213,11.1948,,,
1540979222.294016,3.10213,11.1948,,,
1540979222.3919759,3.10167,11.1963,,,
1540979222.4681146,3.10167,11.1963,,,
1540979222.5660815,3.10167,11.1963,,,
1540979222.6723247,3.10114,11.1963,,,
1540979222.78384,3.10114,11.1979,0,0,0
1540979222.8663716,3.10114,11.1979,,,
1540979222.9663858,3.10114,11.1979,,,
1540979223.0896256,3.10068,11.1994,,,
1540979223.1758657,3.10068,11.1994,,,
1540979223.2672696,3.10068,11.1994,,,
1540979223.3662806,3.10016,11.2012,,,
1540979223.4664164,3.10016,11.2012,,,
1540979223.5861611,3.10016,11.2012,,,
1540979223.6685104,3.0997,11.2012,,,
1540979223.766022,3.0997,11.2027,0,0,0
1540979223.8870935,3.0997,11.2027,,,
1540979223.976049,3.0997,11.2027,,,
1540979224.0837643,3.09924,11.2045,,,
1540979224.1666782,3.09924,11.2045,,,
1540979224.2665284,3.09924,11.2045,,,
1540979224.3665226,3.09871,11.2071,,,
1540979224.474612,3.09871,11.2071,,,
1540979224.5670214,3.09871,11.2071,,,
1540979224.688955,3.09827,11.2071,,,
1540979224.7681415,3.09827,11.2087,0,0,0
1540979224.8891492,3.09827,11.2087,,,
1540979224.9747586,3.09827,11.2087,,,
1540979225.072773,3.09773,11.2105,,,
1540979225.1684177,3.09773,11.2105,,,
1540979225.281371,3.09773,11.2105,,,
1540979225.3697875,3.09727,11.2105,,,
1540979225.490838,3.09727,11.212,,,
1540979225.5701165,3.09727,11.212,,,
1540979225.6811244,3.09682,11.212,,,
1540979225.7696154,3.09682,11.2135,0,0,0
1540979225.8686604,3.09682,11.2135,,,
1540979225.9690146,3.09682,11.2135,,,
1540979226.076882,3.0963,11.2153,,,
1540979226.1880708,3.0963,11.2153,,,
1540979226.28813,3.0963,11.2153,,,
1540979226.3761165,3.09584,11.2153,,,
1540979226.4763787,3.09584,11.2169,,,
1540979226.5872517,3.09584,11.2169,,,
1540979226.6710396,3.09538,11.2169,,,
1540979226.7704813,3.09538,11.2187,0,0,0
1540979226.8710253,3.09538,11.2187,,,
1540979226.98012,3.09538,11.2187,,,
1540979227.0866728,3.09485,11.2202,,,
1540979227.1780415,3.09485,11.2202,,,
1540979227.2716165,3.09485,11.2202,,,
1540979227.3921099,3.09441,11.222,,,
1540979227.4754944,3.09441,11.222,,,
1540979227.573242,3.09441,11.222,,,
1540979227.6729867,3.09441,11.222,,,
1540979227.7812662,3.09387,11.2246,0,0,0
1540979227.8972,3.09387,11.2246,,,
1540979227.9826145,3.09387,11.2246,,,
1540979228.0726144,3.09334,11.2264,,,
1540979228.176601,3.09334,11.2264,,,
1540979228.2829816,3.09334,11.2264,,,
1540979228.3739917,3.09288,11.2264,,,
1540979228.4742405,3.09288,11.228,,,
1540979228.574608,3.09288,11.228,,,
1540979228.7097008,3.09236,11.228,,,
1540979228.8070006,3.09236,11.2298,0,0,0
1540979228.8776956,3.09236,11.2298,,,
1540979228.9753478,3.09236,11.2298,,,
1540979229.0906339,3.0919,11.2313,,,
1540979229.1983838,3.0919,11.2313,,,
1540979229.2757316,3.0919,11.2313,,,
1540979229.3761086,3.09145,11.2313,,,
1540979229.4849122,3.09145,11.2328,,,
1540979229.5928564,3.09145,11.2328,,,
1540979229.6761053,3.09145,11.2328,,,
1540979229.7764716,3.09091,11.2346,0,0,0
1540979229.876351,3.09091,11.2346,,,
1540979229.9807868,3.09091,11.2346,,,
1540979230.0766125,3.09047,11.2362,,,
1540979230.177098,3.09047,11.2362,,,
1540979230.2759714,3.09047,11.2362,,,
1540979230.4108014,3.08994,11.2362,,,
1540979230.5087266,3.08994,11.238,,,
1540979230.5779965,3.08994,11.238,,,
1540979230.676203,3.08994,11.238,,,
1540979230.7866058,3.08948,11.2398,0,0,0
1540979230.8993585,3.08948,11.2398,,,
1540979230.9767113,3.08948,11.2398,,,
1540979231.07709,3.08894,11.2424,,,
1540979231.1820717,3.08894,11.2424,,,
1540979231.2999442,3.08894,11.2424,,,
1540979231.3772092,3.08842,11.2424,,,
1540979231.4779463,3.08842,11.2442,,,
1540979231.5776925,3.08842,11.2442,,,
1540979231.6864676,3.08842,11.2442,,,
1540979231.7780106,3.08797,11.2457,0,0,0
1540979231.8781137,3.08797,11.2457,,,
1540979231.9781158,3.08797,11.2457,,,
1540979232.1201587,3.08743,11.2475,,,
1540979232.179718,3.08743,11.2475,,,
1540979232.2783673,3.08743,11.2475,,,
1540979232.378369,3.08699,11.2475,,,
1540979232.4918709,3.08699,11.249,,,
1540979232.5792377,3.08699,11.249,,,
1540979232.677837,3.08699,11.249,,,
1540979232.778973,3.08646,11.2508,0,0,0
1540979232.9043014,3.08646,11.2508,,,
1540979232.99609,3.08646,11.2508,,,
1540979233.0784743,3.086,11.2524,,,
1540979233.1783628,3.086,11.2524,,,
1540979233.2806044,3.086,11.2524,,,
1540979233.386341,3.08546,11.2524,,,
1540979233.4800975,3.08546,11.2542,,,
1540979233.5786932,3.08546,11.2542,,,
1540979233.7009368,3.08546,11.2542,,,
1540979233.805689,3.08502,11.256,0,0,0
1540979233.8860686,3.08502,11.256,,,
1540979233.9811902,3.08502,11.256,,,
1540979234.0813344,3.08449,11.258,,,
1540979234.1929917,3.08449,11.258,,,
1540979234.281721,3.08449,11.258,,,
1540979234.381722,3.08403,11.258,,,
1540979234.5004385,3.08403,11.2604,,,
1540979234.592819,3.08403,11.2604,,,
1540979234.6989489,3.08403,11.2604,,,
1540979234.7825718,3.0835,11.2619,0,0,0
1540979234.8838098,3.0835,11.2619,,,
1540979234.9828172,3.0835,11.2619,,,
1540979235.091162,3.08298,11.2637,,,
1540979235.1841908,3.08298,11.2637,,,
1540979235.2977939,3.08298,11.2637,,,
1540979235.3909621,3.08252,11.2637,,,
1540979235.5063028,3.08252,11.2655,,,
1540979235.584424,3.08252,11.2655,,,
1540979235.6846857,3.08252,11.2655,,,
1540979235.7848096,3.08199,11.267,0,0,0
1540979235.8964272,3.08199,11.267,,,
1540979235.9854283,3.08199,11.267,,,
1540979236.0961325,3.08145,11.267,,,
1540979236.1929317,3.08145,11.2688,,,
1540979236.2920542,3.08145,11.2688,,,
1540979236.4035637,3.08101,11.2688,,,
1540979236.4859436,3.08101,11.2709,,,
1540979236.5859737,3.08101,11.2709,,,
1540979236.6863275,3.08101,11.2709,,,
1540979236.7953086,3.0804,11.2735,0,0,0
1540979236.889445,3.0804,11.2735,,,
1540979236.9976215,3.0804,11.2735,,,
1540979237.0856683,3.07994,11.2735,,,
1540979237.2065413,3.07994,11.275,,,
1540979237.2895637,3.07994,11.275,,,
1540979237.3869202,3.07994,11.275,,,
1540979237.486184,3.07941,11.2768,,,
1540979237.5961685,3.07941,11.2768,,,
1540979237.691804,3.07941,11.2768,,,
1540979237.8009057,3.07889,11.2786,0,0,0
1540979237.8866763,3.07889,11.2786,,,
1540979237.9966614,3.07889,11.2786,,,
1540979238.0880282,3.07835,11.2786,,,
1540979238.1880565,3.07835,11.2804,,,
1540979238.2875807,3.07835,11.2804,,,
1540979238.3964028,3.07782,11.2804,,,
1540979238.511618,3.07782,11.2827,,,
1540979238.606415,3.07782,11.2827,,,
1540979238.691276,3.07782,11.2827,,,
1540979238.7911432,3.0773,11.285,0,0,0
1540979238.896656,3.0773,11.285,,,
1540979238.9916816,3.0773,11.285,,,
1540979239.0927842,3.07677,11.285,,,
1540979239.19278,3.07677,11.2868,,,
1540979239.31816,3.07677,11.2868,,,
1540979239.4232717,3.07631,11.2868,,,
1540979239.5000398,3.07631,11.2887,,,
1540979239.5999067,3.07631,11.2887,,,
1540979239.706523,3.07631,11.2887,,,
1540979239.8163903,3.07578,11.2902,0,0,0
1540979239.8984272,3.07578,11.2902,,,
1540979239.998439,3.07578,11.2902,,,
1540979240.0985537,3.07526,11.2902,,,
1540979240.2200084,3.07526,11.292,,,
1540979240.3015046,3.07526,11.292,,,
1540979240.3999112,3.07526,11.292,,,
1540979240.5001686,3.07472,11.2938,,,
1540979240.6162877,3.07472,11.2938,,,
1540979240.7005184,3.07472,11.2938,0,0,0
1540979240.800674,3.07419,11.2966,,,
1540979240.903034,3.07419,11.2966,,,
1540979241.023666,3.07419,11.2966,,,
1540979241.1181917,3.07373,11.2966,,,
1540979241.203232,3.07373,11.2984,,,
1540979241.3033676,3.07373,11.2984,,,
1540979241.4033616,3.07373,11.2984,,,
1540979241.512382,3.07321,11.3002,,,
1540979241.603621,3.07321,11.3002,,,
1540979241.7036254,3.07321,11.3002,,,
1540979241.8284945,3.07268,11.302,0,0,0
1540979241.92236,3.07268,11.302,,,
1540979242.005742,3.07268,11.302,,,
1540979242.1061375,3.07214,11.302,,,
1540979242.2063873,3.07214,11.3038,,,
1540979242.314988,3.07214,11.3038,,,
1540979242.4240894,3.07162,11.3038,,,
1540979242.5063772,3.07162,11.3056,,,
1540979242.6367652,3.07162,11.3056,,,
1540979242.7101212,3.07162,11.3056,0,0,0
1540979242.814654,3.07109,11.3072,,,
1540979242.9038992,3.07109,11.3072,,,
1540979243.0051427,3.07109,11.3072,,,
1540979243.1047604,3.07056,11.3072,,,
1540979243.2114124,3.07056,11.3092,,,
1540979243.305014,3.07056,11.3092,,,
1540979243.4255595,3.07056,11.3092,,,
1540979243.5064003,3.07002,11.311,,,
1540979243.6262598,3.07002,11.311,,,
1540979243.7099118,3.07002,11.311,0,0,0
1540979243.8062673,3.0695,11.3136,,,
1540979243.9062412,3.0695,11.3136,,,
1540979244.0180564,3.0695,11.3136,,,
1540979244.1062622,3.06897,11.3136,,,
1540979244.2270749,3.06897,11.3154,,,
1540979244.3065162,3.06897,11.3154,,,
1540979244.4168746,3.06897,11.3154,,,
1540979244.5062602,3.06844,11.3175,,,
1540979244.6063898,3.06844,11.3175,,,
1540979244.7064826,3.06844,11.3175,,,
1540979244.8127584,3.0679,11.3193,0,0,0
1540979244.923867,3.0679,11.3193,,,
1540979245.024433,3.0679,11.3193,,,
1540979245.1088884,3.06738,11.3193,,,
1540979245.206614,3.06738,11.3211,,,
1540979245.3167357,3.06738,11.3211,,,
1540979245.4207654,3.06738,11.3211,,,
1540979245.50797,3.06685,11.3229,,,
1540979245.6073575,3.06685,11.3229,,,
1540979245.72586,3.06685,11.3229,,,
1540979245.8430624,3.06631,11.3247,0,0,0
1540979245.9173648,3.06631,11.3247,,,
1540979246.0082831,3.06631,11.3247,,,
1540979246.1168752,3.0658,11.3247,,,
1540979246.225754,3.0658,11.327,,,
1540979246.308151,3.0658,11.327,,,
1540979246.408288,3.0658,11.327,,,
1540979246.5081146,3.06519,11.3293,,,
1540979246.6270971,3.06519,11.3293,,,
1540979246.7200205,3.06519,11.3293,0,0,0
1540979246.808328,3.06465,11.3293,,,
1540979246.9088771,3.06465,11.3311,,,
1540979247.026606,3.06465,11.3311,,,
1540979247.1105926,3.06412,11.3311,,,
1540979247.2081196,3.06412,11.3329,,,
1540979247.3081217,3.06412,11.3329,,,
1540979247.4284377,3.06412,11.3329,,,
1540979247.5246105,3.0636,11.3347,,,
1540979247.608875,3.0636,11.3347,,,
1540979247.7089946,3.0636,11.3347,,,
1540979247.8089993,3.06306,11.3347,0,0,0
1540979247.9157205,3.06306,11.3375,,,
1540979248.009254,3.06306,11.3375,,,
1540979248.1094584,3.06253,11.3375,,,
1540979248.2128057,3.06253,11.3396,,,
1540979248.351417,3.06253,11.3396,,,
1540979248.446547,3.06201,11.3396,,,
1540979248.5141733,3.06201,11.3414,,,
1540979248.6130319,3.06201,11.3414,,,
1540979248.7287765,3.06201,11.3414,,,
1540979248.814695,3.0614,11.3414,0,0,0
1540979248.9128723,3.0614,11.3432,,,
1540979249.0123165,3.0614,11.3432,,,
1540979249.1220303,3.06087,11.3432,,,
1540979249.2331543,3.06087,11.3452,,,
1540979249.3138704,3.06087,11.3452,,,
1540979249.4141545,3.06087,11.3452,,,
1540979249.5136316,3.06033,11.3478,,,
1540979249.6228445,3.06033,11.3478,,,
1540979249.7155113,3.06033,11.3478,0,0,0
1540979249.8145485,3.05981,11.3478,,,
1540979249.915237,3.05981,11.3499,,,
1540979250.0583024,3.05981,11.3499,,,
1540979250.1477082,3.0592,11.3499,,,
1540979250.2167873,3.0592,11.3517,,,
1540979250.3180244,3.0592,11.3517,,,
1540979250.4287694,3.0592,11.3517,,,
1540979250.5381546,3.05867,11.3535,,,
1540979250.6158762,3.05867,11.3535,,,
1540979250.7168865,3.05867,11.3535,0,0,0
1540979250.8232694,3.05815,11.3535,,,
1540979250.9395628,3.05815,11.3555,,,
1540979251.0171428,3.05815,11.3555,,,
1540979251.116727,3.05815,11.3555,,,
1540979251.2215,3.05762,11.3573,,,
1540979251.326316,3.05762,11.3573,,,
1540979251.4173186,3.05762,11.3573,,,
1540979251.5163164,3.05701,11.3591,,,
1540979251.6164112,3.05701,11.3591,,,
1540979251.7564402,3.05701,11.3591,0,0,0
1540979251.8218129,3.05647,11.3591,,,
1540979251.915954,3.05647,11.3612,,,
1540979252.01607,3.05647,11.3612,,,
1540979252.1273115,3.05595,11.3612,,,
1540979252.2177856,3.05595,11.363,,,
1540979252.3163238,3.05595,11.363,,,
1540979252.4164362,3.05595,11.363,,,
1540979252.5409997,3.05534,11.3658,,,
1540979252.63521,3.05534,11.3658,,,
1540979252.7180114,3.05534,11.3658,0,0,0
1540979252.8182294,3.05481,11.3658,,,
1540979252.9180448,3.05481,11.3679,,,
1540979253.026939,3.05481,11.3679,,,
1540979253.1180482,3.05481,11.3679,,,
1540979253.2182143,3.05429,11.3697,,,
1540979253.3438883,3.05429,11.3697,,,
1540979253.4414172,3.05429,11.3697,,,
1540979253.5195696,3.05368,11.3717,,,
1540979253.618165,3.05368,11.3717,,,
1540979253.7188132,3.05368,11.3717,0,0,0
1540979253.8340375,3.05315,11.3717,,,
1540979253.942698,3.05315,11.3743,,,
1540979254.0180395,3.05315,11.3743,,,
1540979254.1412692,3.05315,11.3743,,,
1540979254.2225487,3.05254,11.3764,,,
1540979254.3364232,3.05254,11.3764,,,
1540979254.419064,3.05254,11.3764,,,
1540979254.5208957,3.05202,11.3784,,,
1540979254.6196833,3.05202,11.3784,,,
1540979254.7269282,3.05202,11.3784,0,0,0
1540979254.8211606,3.05141,11.3784,,,
1540979254.9394457,3.05141,11.3802,,,
1540979255.0258067,3.05141,11.3802,,,
1540979255.142169,3.05141,11.3802,,,
1540979255.2264342,3.05087,11.3828,,,
1540979255.321035,3.05087,11.3828,,,
1540979255.4213176,3.05087,11.3828,,,
1540979255.5342987,3.05028,11.3851,,,
1540979255.6456687,3.05028,11.3851,,,
1540979255.735278,3.05028,11.3851,0,0,0
1540979255.829437,3.04974,11.3851,,,
1540979255.9266737,3.04974,11.3872,,,
1540979256.0405622,3.04974,11.3872,,,
1540979256.1235492,3.04974,11.3872,,,
1540979256.2228887,3.04913,11.389,,,
1540979256.3233023,3.04913,11.389,,,
1540979256.4328284,3.04913,11.389,,,
1540979256.5332353,3.0486,11.389,,,
1540979256.6310225,3.0486,11.391,,,
1540979256.7240524,3.0486,11.391,0,0,0
1540979256.842797,3.04808,11.391,,,
1540979256.9255395,3.04808,11.3928,,,
1540979257.0244308,3.04808,11.3928,,,
1540979257.1243136,3.04808,11.3928,,,
1540979257.2335517,3.04747,11.3949,,,
1540979257.3496282,3.04747,11.3949,,,
1540979257.4388916,3.04747,11.3949,,,
1540979257.5249217,3.04694,11.3949,,,
1540979257.6249266,3.04694,11.3967,,,
1540979257.7329147,3.04694,11.3967,0,0,0
1540979257.8257837,3.04634,11.3967,,,
1540979257.9261706,3.04634,11.3993,,,
1540979258.0261643,3.04634,11.3993,,,
1540979258.158745,3.04634,11.3993,,,
1540979258.2564142,3.04573,11.4016,,,
1540979258.326918,3.04573,11.4016,,,
1540979258.4262774,3.04573,11.4016,,,
1540979258.5369163,3.0452,11.4036,,,
1540979258.6496758,3.0452,11.4036,,,
1540979258.7259111,3.0452,11.4036,0,0,0
1540979258.826152,3.0452,11.4036,,,
1540979258.933271,3.0446,11.4054,,,
1540979259.0445082,3.0446,11.4054,,,
1540979259.126139,3.0446,11.4054,,,
1540979259.2264035,3.04399,11.4083,,,
1540979259.3266518,3.04399,11.4083,,,
1540979259.433011,3.04399,11.4083,,,
1540979259.5272756,3.04346,11.4083,,,
1540979259.6268947,3.04346,11.4106,,,
1540979259.7267754,3.04346,11.4106,0,0,0
1540979259.8665748,3.04285,11.4106,,,
1540979259.9665997,3.04285,11.4124,,,
1540979260.055213,3.04285,11.4124,,,
1540979260.1301687,3.04285,11.4124,,,
1540979260.2441347,3.04233,11.4144,,,
1540979260.3294196,3.04233,11.4144,,,
1540979260.4279125,3.04233,11.4144,,,
1540979260.5279183,3.04172,11.4144,,,
1540979260.6394057,3.04172,11.417,,,
1540979260.7289908,3.04172,11.417,0,0,0
1540979260.8497217,3.04111,11.417,,,
1540979260.9282851,3.04111,11.4193,,,
1540979261.0372472,3.04111,11.4193,,,
1540979261.1461196,3.04111,11.4193,,,
1540979261.2281885,3.04059,11.4214,,,
1540979261.328057,3.04059,11.4214,,,
1540979261.4281487,3.04059,11.4214,,,
1540979261.5368798,3.03998,11.4214,,,
1540979261.6508574,3.03998,11.4234,,,
1540979261.7297282,3.03998,11.4234,0,0,0
1540979261.8298974,3.03998,11.4234,,,
1540979261.9472435,3.03937,11.4255,,,
1540979262.0312347,3.03937,11.4255,,,
1540979262.1299849,3.03937,11.4255,,,
1540979262.2303512,3.03877,11.4273,,,
1540979262.3370054,3.03877,11.4273,,,
1540979262.452575,3.03877,11.4273,,,
1540979262.5330164,3.03824,11.4273,,,
1540979262.6308606,3.03824,11.4299,,,
1540979262.7312346,3.03824,11.4299,0,0,0
1540979262.8363764,3.03824,11.4299,,,
1540979262.9309847,3.03755,11.4324,,,
1540979263.0309744,3.03755,11.4324,,,
1540979263.1311035,3.03755,11.4324,,,
1540979263.2709324,3.03703,11.4345,,,
1540979263.3384151,3.03703,11.4345,,,
1540979263.4329941,3.03703,11.4345,,,
1540979263.533119,3.03642,11.4345,,,
1540979263.64725,3.03642,11.4366,,,
1540979263.7557433,3.03642,11.4366,0,0,0
1540979263.833629,3.03642,11.4366,,,
1540979263.9341164,3.03581,11.4394,,,
1540979264.0532029,3.03581,11.4394,,,
1540979264.1458535,3.03581,11.4394,,,
1540979264.2341177,3.0352,11.4415,,,
1540979264.334102,3.0352,11.4415,,,
1540979264.4344938,3.0352,11.4415,,,
1540979264.5432348,3.03461,11.4415,,,
1540979264.6346123,3.03461,11.4435,,,
1540979264.8340688,3.03461,11.4435,,,
1540979265.0008378,2.99048,13.6243,,,
1540979265.1461115,2.99048,13.6243,,,
1540979265.2912536,2.94702,15.1779,,,
1540979265.437812,2.94702,15.1779,,,
1540979265.5932207,2.94293,15.1988,,,
1540979265.748128,2.94293,15.1988,,,
1540979265.9145365,2.93983,15.1988,,,
1540979266.059999,2.93983,15.2145,,,
1540979266.2066116,2.93726,15.2145,,,
1540979266.2883246,2.93726,15.2278,0,0,0
1540979266.3976998,2.93726,15.2278,0,0,0
1540979266.4877,2.93726,15.2278,,,
1540979266.58646,3.00531,11.8916,,,
1540979266.701446,3.00531,11.8916,,,
1540979266.7968433,3.00531,11.8916,0,0,0
1540979266.9055963,3.02106,11.8916,,,
1540979266.9868336,3.02106,11.4944,,,
1540979267.087214,3.02106,11.4944,,,
1540979267.1873746,3.02106,11.4944,,,
1540979267.2977228,3.02203,11.4913,,,
1540979267.3884947,3.02203,11.4913,,,
1540979267.498538,3.02203,11.4913,,,
1540979267.5960722,3.02242,11.4901,,,
1540979267.7081223,3.02242,11.4901,,,
1540979267.7916095,3.02242,11.4901,0,0,0
1540979267.8882377,3.02257,11.4901,,,
1540979267.988027,3.02257,11.4895,,,
1540979268.0985906,3.02257,11.4895,,,
1540979268.1894362,3.02257,11.4895,,,
1540979268.2921324,3.02257,11.4898,,,
1540979268.4101973,3.02257,11.4898,,,
1540979268.504339,3.02257,11.4898,,,
1540979268.6066942,3.02234,11.4903,,,
1540979268.6880577,3.02234,11.4903,,,
1540979268.788594,3.02234,11.4903,0,0,0
1540979268.8885858,3.02211,11.4903,,,
1540979268.9977405,3.02211,11.4911,,,
1540979269.0895967,3.02211,11.4911,,,
1540979269.1932938,3.02211,11.4911,,,
1540979269.311647,3.0218,11.4921,,,
1540979269.4144597,3.0218,11.4921,,,
1540979269.4907997,3.0218,11.4921,,,
1540979269.5909266,3.02151,11.4934,,,
1540979269.6908388,3.02151,11.4934,,,
1540979269.7972028,3.02151,11.4934,0,0,0
1540979269.907534,3.02113,11.4934,,,
1540979269.9897199,3.02113,11.4947,,,
1540979270.0911765,3.02113,11.4947,,,
1540979270.2126434,3.02113,11.4947,,,
1540979270.3099627,3.02068,11.4962,,,
1540979270.393202,3.02068,11.4962,,,
1540979270.4933121,3.02068,11.4962,,,
1540979270.5930684,3.02022,11.4962,,,
1540979270.7077687,3.02022,11.4975,,,
1540979270.8180747,3.02022,11.4975,0,0,0
1540979270.8965566,3.01976,11.4975,,,
1540979270.9941869,3.01976,11.4991,,,
1540979271.1139314,3.01976,11.4991,,,
1540979271.2117043,3.01976,11.4991,,,
1540979271.2944431,3.01932,11.5016,,,
1540979271.3944252,3.01932,11.5016,,,
1540979271.4947798,3.01932,11.5016,,,
1540979271.6034124,3.01878,11.5034,,,
1540979271.6949248,3.01878,11.5034,,,
1540979271.794912,3.01878,11.5034,0,0,0
1540979271.9152732,3.01825,11.5034,,,
1540979272.0141816,3.01825,11.5052,,,
1540979272.09655,3.01825,11.5052,,,
1540979272.1956654,3.01825,11.5052,,,
1540979272.2959156,3.01773,11.5073,,,
1540979272.404676,3.01773,11.5073,,,
1540979272.5134296,3.01773,11.5073,,,
1540979272.5960472,3.0172,11.5073,,,
1540979272.7154942,3.0172,11.5101,,,
1540979272.7961676,3.0172,11.5101,0,0,0
1540979272.9029179,3.01666,11.5101,,,
1540979272.9964178,3.01666,11.5119,,,
1540979273.0969217,3.01666,11.5119,,,
1540979273.1973028,3.01666,11.5119,,,
1540979273.3180773,3.01605,11.5137,,,
1540979273.402444,3.01605,11.5137,,,
1540979273.5169916,3.01605,11.5137,,,
1540979273.5971525,3.01553,11.5137,,,
1540979273.7149055,3.01553,11.5158,,,
1540979273.7976012,3.01553,11.5158,0,0,0
1540979273.896402,3.01553,11.5158,,,
1540979273.9969106,3.01492,11.5176,,,
1540979274.1056473,3.01492,11.5176,,,
1540979274.214153,3.01492,11.5176,,,
1540979274.3183985,3.01439,11.5204,,,
1540979274.3971639,3.01439,11.5204,,,
1540979274.4971561,3.01439,11.5204,,,
1540979274.6036422,3.01379,11.5204,,,
1540979274.698069,3.01379,11.5227,,,
1540979274.7980592,3.01379,11.5227,0,0,0
1540979274.8978662,3.01379,11.5227,,,
1540979275.017888,3.01318,11.5245,,,
1540979275.1372461,3.01318,11.5245,,,
1540979275.198057,3.01318,11.5245,,,
1540979275.2981985,3.01257,11.5274,,,
1540979275.4085476,3.01257,11.5274,,,
1540979275.4993746,3.01257,11.5274,,,
1540979275.597735,3.01198,11.5274,,,
1540979275.6977448,3.01198,11.5297,,,
1540979275.8078628,3.01198,11.5297,0,0,0
1540979275.927787,3.01144,11.5297,,,
1540979276.005275,3.01144,11.5317,,,
1540979276.098309,3.01144,11.5317,,,
1540979276.2044008,3.01144,11.5317,,,
1540979276.312895,3.01083,11.5338,,,
1540979276.3983788,3.01083,11.5338,,,
1540979276.4986696,3.01083,11.5338,,,
1540979276.5985456,3.01022,11.5338,,,
1540979276.7203455,3.01022,11.5359,,,
1540979276.8116717,3.01022,11.5359,0,0,0
1540979276.9006686,3.01022,11.5359,,,
1540979277.0006723,3.00963,11.5379,,,
1540979277.118653,3.00963,11.5379,,,
1540979277.2024076,3.00963,11.5379,,,
1540979277.30092,3.00894,11.541,,,
1540979277.4010463,3.00894,11.541,,,
1540979277.5216138,3.00894,11.541,,,
1540979277.6158803,3.00833,11.541,,,
1540979277.7012937,3.00833,11.5431,0,0,0
1540979277.8016644,3.00833,11.5431,,,
1540979277.9016721,3.00833,11.5431,,,
1540979278.0072489,3.00774,11.5459,,,
1540979278.101633,3.00774,11.5459,,,
1540979278.2020066,3.00774,11.5459,,,
1540979278.3115823,3.00713,11.5485,,,
1540979278.4418375,3.00713,11.5485,,,
1540979278.5347695,3.00713,11.5485,,,
1540979278.6057422,3.00652,11.5485,,,
1540979278.7026439,3.00652,11.5505,,,
1540979278.8181005,3.00652,11.5505,0,0,0
1540979278.9265008,3.00592,11.5505,,,
1540979279.0042388,3.00592,11.5526,,,
1540979279.1041188,3.00592,11.5526,,,
1540979279.2177505,3.00592,11.5526,,,
1540979279.3161054,3.00523,11.5546,,,
1540979279.4049976,3.00523,11.5546,,,
1540979279.5050025,3.00523,11.5546,,,
1540979279.6050003,3.00462,11.5546,,,
1540979279.7141244,3.00462,11.5577,,,
1540979279.8051426,3.00462,11.5577,0,0,0
1540979279.905369,3.00462,11.5577,,,
1540979280.0098383,3.00403,11.56,,,
1540979280.1258473,3.00403,11.56,,,
1540979280.2361186,3.00403,11.56,,,
1540979280.3065002,3.00334,11.56,,,
1540979280.40624,3.00334,11.5626,,,
1540979280.5187092,3.00334,11.5626,,,
1540979280.6061373,3.00266,11.5626,,,
1540979280.7064872,3.00266,11.5654,,,
1540979280.807113,3.00266,11.5654,0,0,0
1540979280.9200501,3.00266,11.5654,,,
1540979281.0250266,3.00206,11.5675,,,
1540979281.1071095,3.00206,11.5675,,,
1540979281.2062294,3.00206,11.5675,,,
1540979281.3066456,3.00145,11.5675,,,
1540979281.4139824,3.00145,11.5698,,,
1540979281.5067167,3.00145,11.5698,,,
1540979281.606477,3.00084,11.5698,,,
1540979281.7068534,3.00084,11.5719,,,
1540979281.8486795,3.00084,11.5719,0,0,0
1540979281.9391224,3.00084,11.5719,,,
1540979282.008012,3.00017,11.575,,,
1540979282.1073434,3.00017,11.575,,,
1540979282.2185695,3.00017,11.575,,,
1540979282.3083014,2.99948,11.575,,,
1540979282.4082718,2.99948,11.5773,,,
1540979282.5080297,2.99948,11.5773,,,
1540979282.6156042,2.99887,11.5773,,,
1540979282.7300584,2.99887,11.5804,0,0,0
1540979282.8078008,2.99887,11.5804,,,
1540979282.90798,2.99887,11.5804,,,
1540979283.0081453,2.9982,11.5829,,,
1540979283.1132174,2.9982,11.5829,,,
1540979283.208082,2.9982,11.5829,,,
1540979283.3083322,2.99751,11.5829,,,
1540979283.408323,2.99751,11.585,,,
1540979283.5437407,2.99751,11.585,,,
1540979283.6123614,2.99751,11.585,,,
1540979283.709069,2.9969,11.5873,,,
1540979283.8090744,2.9969,11.5873,0,0,0
1540979283.918042,2.9969,11.5873,,,
1540979284.0270844,2.99631,11.5896,,,
1540979284.1084814,2.99631,11.5896,,,
1540979284.2083206,2.99631,11.5896,,,
1540979284.3305342,2.99562,11.5896,,,
1540979284.4179926,2.99562,11.5927,,,
1540979284.510073,2.99562,11.5927,,,
1540979284.609819,2.99562,11.5927,,,
1540979284.7106113,2.99493,11.5948,,,
1540979284.8280282,2.99493,11.5948,0,0,0
1540979284.9120538,2.99493,11.5948,,,
1540979285.010816,2.99426,11.5981,,,
1540979285.1314902,2.99426,11.5981,,,
1540979285.218469,2.99426,11.5981,,,
1540979285.3278103,2.99365,11.5981,,,
1540979285.4109275,2.99365,11.6004,,,
1540979285.5110698,2.99365,11.6004,,,
1540979285.6115856,2.99365,11.6004,,,
1540979285.718333,2.99297,11.6027,,,
1540979285.8115554,2.99297,11.6027,0,0,0
1540979285.93251,2.99297,11.6027,,,
1540979286.0140755,2.99229,11.6048,,,
1540979286.1360674,2.99229,11.6048,,,
1540979286.2192051,2.99229,11.6048,,,
1540979286.3139472,2.99168,11.6048,,,
1540979286.4140759,2.99168,11.6079,,,
1540979286.5250595,2.99168,11.6079,,,
1540979286.613935,2.99168,11.6079,,,
1540979286.7295227,2.991,11.6104,,,
1540979286.8180964,2.991,11.6104,0,0,0
1540979286.925954,2.991,11.6104,,,
1540979287.0146904,2.99033,11.613,,,
1540979287.1149297,2.99033,11.613,,,
1540979287.214928,2.99033,11.613,,,
1540979287.3191972,2.98964,11.613,,,
1540979287.4327977,2.98964,11.6158,,,
1540979287.529463,2.98964,11.6158,,,
1540979287.6221888,2.98964,11.6158,,,
1540979287.71801,2.98897,11.6182,0,0,0
1540979287.8333035,2.98897,11.6182,,,
1540979287.915921,2.98897,11.6182,,,
1540979288.0159132,2.98836,11.6205,,,
1540979288.116045,2.98836,11.6205,,,
1540979288.2255476,2.98836,11.6205,,,
1540979288.326257,2.98767,11.6205,,,
1540979288.4239235,2.98767,11.623,,,
1540979288.5171707,2.98767,11.623,,,
1540979288.6359208,2.98767,11.623,,,
1540979288.7171676,2.987,11.6261,0,0,0
1540979288.8160424,2.987,11.6261,,,
1540979288.9160388,2.987,11.6261,,,
1540979289.0249255,2.98631,11.629,,,
1540979289.1410255,2.98631,11.629,,,
1540979289.2299,2.98631,11.629,,,
1540979289.3166642,2.98563,11.629,,,
1540979289.4167821,2.98563,11.6318,,,
1540979289.5246606,2.98563,11.6318,,,
1540979289.6170409,2.98563,11.6318,,,
1540979289.7170336,2.98495,11.6339,0,0,0
1540979289.817031,2.98495,11.6339,,,
1540979289.9519894,2.98495,11.6339,,,
1540979290.0514383,2.98427,11.6339,,,
1540979290.118311,2.98427,11.6362,,,
1540979290.2182024,2.98427,11.6362,,,
1540979290.335402,2.98366,11.6362,,,
1540979290.4416826,2.98366,11.639,,,
1540979290.5180826,2.98366,11.639,,,
1540979290.618062,2.98366,11.639,,,
1540979290.724406,2.98299,11.6418,0,0,0
1540979290.841109,2.98299,11.6418,,,
1540979290.9371572,2.98299,11.6418,,,
1540979291.0185516,2.9823,11.6418,,,
1540979291.1187603,2.9823,11.6441,,,
1540979291.2246473,2.9823,11.6441,,,
1540979291.320016,2.9823,11.6441,,,
1540979291.4182677,2.98161,11.6472,,,
1540979291.5182703,2.98161,11.6472,,,
1540979291.639012,2.98161,11.6472,,,
1540979291.748743,2.98094,11.6498,0,0,0
1540979291.8215492,2.98094,11.6498,,,
1540979291.9185445,2.98094,11.6498,,,
1540979292.0249155,2.98026,11.6498,,,
1540979292.1380599,2.98026,11.6521,,,
1540979292.2194118,2.98026,11.6521,,,
1540979292.3194108,2.98026,11.6521,,,
1540979292.419414,2.97957,11.6552,,,
1540979292.5429745,2.97957,11.6552,,,
1540979292.6207886,2.97957,11.6552,,,
1540979292.7210426,2.97882,11.6578,0,0,0
1540979292.8211634,2.97882,11.6578,,,
1540979292.938901,2.97882,11.6578,,,
1540979293.0229056,2.97821,11.6578,,,
1540979293.1212502,2.97821,11.6601,,,
1540979293.2212408,2.97821,11.6601,,,
1540979293.34648,2.97752,11.6601,,,
1540979293.439398,2.97752,11.6627,,,
1540979293.5221374,2.97752,11.6627,,,
1540979293.6232643,2.97752,11.6627,,,
1540979293.723134,2.97678,11.6658,0,0,0
1540979293.8299022,2.97678,11.6658,,,
1540979293.9222474,2.97678,11.6658,,,
1540979294.0226314,2.97609,11.6658,,,
1540979294.1432009,2.97609,11.6683,,,
1540979294.2456324,2.97609,11.6683,,,
1540979294.3280113,2.97609,11.6683,,,
1540979294.4243858,2.97542,11.6714,,,
1540979294.5243888,2.97542,11.6714,,,
1540979294.6359913,2.97542,11.6714,,,
1540979294.7247763,2.97473,11.6737,0,0,0
1540979294.824632,2.97473,11.6737,,,
1540979294.9440954,2.97473,11.6737,,,
1540979295.0292783,2.97404,11.6737,,,
1540979295.1426117,2.97404,11.676,,,
1540979295.2257514,2.97404,11.676,,,
1540979295.3260114,2.97404,11.676,,,
1540979295.4258907,2.97337,11.6789,,,
1540979295.5346181,2.97337,11.6789,,,
1540979295.6259997,2.97337,11.6789,,,
1540979295.7426112,2.97269,11.682,0,0,0
1540979295.828114,2.97269,11.682,,,
1540979295.9283993,2.97269,11.682,,,
1540979296.0271013,2.97192,11.682,,,
1540979296.127118,2.97192,11.685,,,
1540979296.2271073,2.97192,11.685,,,
1540979296.3438647,2.97192,11.685,,,
1540979296.4485178,2.97125,11.6876,,,
1540979296.5415673,2.97125,11.6876,,,
1540979296.63361,2.97125,11.6876,,,
1540979296.7288742,2.97057,11.6899,0,0,0
1540979296.8441997,2.97057,11.6899,,,
1540979296.9267337,2.97057,11.6899,,,
1540979297.0267277,2.96988,11.6899,,,
1540979297.12698,2.96988,11.6925,,,
1540979297.2348516,2.96988,11.6925,,,
1540979297.338015,2.96988,11.6925,,,
1540979297.4364786,2.96921,11.6958,,,
1540979297.5277019,2.96921,11.6958,,,
1540979297.646112,2.96921,11.6958,,,
1540979297.7295008,2.96844,11.6989,0,0,0
1540979297.8281472,2.96844,11.6989,,,
1540979297.9281332,2.96844,11.6989,,,
1540979298.0359693,2.96777,11.6989,,,
1540979298.1532817,2.96777,11.7015,,,
1540979298.2429714,2.96777,11.7015,,,
1540979298.3286755,2.96777,11.7015,,,
1540979298.435848,2.96709,11.7041,,,
1540979298.5459836,2.96709,11.7041,,,
1540979298.6284502,2.96709,11.7041,,,
1540979298.7285757,2.9664,11.7041,0,0,0
1540979298.8280985,2.9664,11.7066,,,
1540979298.9436924,2.9664,11.7066,,,
1540979299.0452332,2.96565,11.7066,,,
1540979299.1308465,2.96565,11.7097,,,
1540979299.229847,2.96565,11.7097,,,
1540979299.348861,2.96565,11.7097,,,
1540979299.4329567,2.96497,11.7123,,,
1540979299.529356,2.96497,11.7123,,,
1540979299.629202,2.96497,11.7123,,,
1540979299.7444072,2.96428,11.7146,0,0,0
1540979299.8519666,2.96428,11.7146,,,
1540979299.931051,2.96428,11.7146,,,
1540979300.0309663,2.96428,11.7146,,,
1540979300.1309464,2.96353,11.7177,,,
1540979300.2394626,2.96353,11.7177,,,
1540979300.3310714,2.96353,11.7177,,,
1540979300.4316978,2.96284,11.7205,,,
1540979300.5311477,2.96284,11.7205,,,
1540979300.6693075,2.96284,11.7205,,,
1540979300.7683218,2.96208,11.7205,0,0,0
1540979300.8543258,2.96208,11.7239,,,
1540979300.9334884,2.96208,11.7239,,,
1540979301.0456944,2.96141,11.7239,,,
1540979301.1558185,2.96141,11.7265,,,
1540979301.2338219,2.96141,11.7265,,,
1540979301.3350792,2.96141,11.7265,,,
1540979301.439077,2.96072,11.7288,,,
1540979301.545071,2.96072,11.7288,,,
1540979301.6578581,2.96072,11.7288,,,
1540979301.7360642,2.95998,11.7288,0,0,0
1540979301.8362873,2.95998,11.7324,,,
1540979301.9564679,2.95998,11.7324,,,
1540979302.039521,2.95998,11.7324,,,
1540979302.1366518,2.95921,11.7352,,,
1540979302.236045,2.95921,11.7352,,,
1540979302.3462183,2.95921,11.7352,,,
1540979302.4687736,2.95853,11.7383,,,
1540979302.53665,2.95853,11.7383,,,
1540979302.6374793,2.95853,11.7383,,,
1540979302.7402096,2.95778,11.7383,0,0,0
1540979302.8540206,2.95778,11.7406,,,
1540979302.937464,2.95778,11.7406,,,
1540979303.0369208,2.95778,11.7406,,,
1540979303.1367977,2.95709,11.7437,,,
1540979303.2620003,2.95709,11.7437,,,
1540979303.3382087,2.95709,11.7437,,,
1540979303.436436,2.95633,11.7465,,,
1540979303.5371735,2.95633,11.7465,,,
1540979303.6397023,2.95633,11.7465,,,
1540979303.7370634,2.95566,11.7465,0,0,0
1540979303.8371873,2.95566,11.7491,,,
1540979303.9377198,2.95566,11.7491,,,
1540979304.0666192,2.9549,11.7491,,,
1540979304.1619143,2.9549,11.7524,,,
1540979304.2373037,2.9549,11.7524,,,
1540979304.3380196,2.9549,11.7524,,,
1540979304.4454348,2.95422,11.755,,,
1540979304.5545545,2.95422,11.755,,,
1540979304.6373112,2.95422,11.755,,,
1540979304.7371924,2.95346,11.755,0,0,0
1540979304.858145,2.95346,11.7578,,,
1540979304.945302,2.95346,11.7578,,,
1540979305.0379946,2.95346,11.7578,,,
1540979305.1379366,2.9527,11.7609,,,
1540979305.2378561,2.9527,11.7609,,,
1540979305.3603213,2.9527,11.7609,,,
1540979305.4440577,2.95203,11.7635,,,
1540979305.5381954,2.95203,11.7635,,,
1540979305.6518922,2.95203,11.7635,,,
1540979305.7491817,2.95126,11.7635,0,0,0
1540979305.8636782,2.95126,11.7666,,,
1540979305.9380865,2.95126,11.7666,,,
1540979306.0377355,2.95126,11.7666,,,
1540979306.1464233,2.95052,11.7697,,,
1540979306.2558098,2.95052,11.7697,,,
1540979306.3391771,2.95052,11.7697,,,
1540979306.4486175,2.94975,11.773,,,
1540979306.5486486,2.94975,11.773,,,
1540979306.6500523,2.94975,11.773,,,
1540979306.7409024,2.94907,11.773,0,0,0
1540979306.8386536,2.94907,11.7756,,,
1540979306.9388072,2.94907,11.7756,,,
1540979307.0614471,2.94907,11.7756,,,
1540979307.1429036,2.94832,11.7782,,,
1540979307.2470827,2.94832,11.7782,,,
1540979307.3520281,2.94832,11.7782,,,
1540979307.4507751,2.94756,11.7815,,,
1540979307.5405462,2.94756,11.7815,,,
1540979307.6407783,2.94756,11.7815,,,
1540979307.740894,2.94687,11.7815,0,0,0
1540979307.848632,2.94687,11.7841,,,
1540979307.960013,2.94687,11.7841,,,
1540979308.044503,2.94687,11.7841,,,
1540979308.161887,2.94612,11.7872,,,
1540979308.2556663,2.94612,11.7872,,,
1540979308.3510132,2.94612,11.7872,,,
1540979308.4429204,2.94536,11.7872,,,
1540979308.5430315,2.94536,11.7903,,,
1540979308.6425393,2.94536,11.7903,,,
1540979308.7660344,2.94461,11.7903,0,0,0
1540979308.8425214,2.94461,11.7936,,,
1540979308.94253,2.94461,11.7936,,,
1540979309.0632143,2.94461,11.7936,,,
1540979309.167269,2.94385,11.7964,,,
1540979309.2440116,2.94385,11.7964,,,
1540979309.3446536,2.94385,11.7964,,,
1540979309.444397,2.94308,11.7964,,,
1540979309.5486186,2.94308,11.799,,,
1540979309.66138,2.94308,11.799,,,
1540979309.74491,2.94308,11.799,0,0,0
1540979309.8450265,2.94234,11.8026,,,
1540979309.96289,2.94234,11.8026,,,
1540979310.049115,2.94234,11.8026,,,
1540979310.145773,2.94157,11.8059,,,
1540979310.2454047,2.94157,11.8059,,,
1540979310.3459022,2.94157,11.8059,,,
1540979310.4611564,2.94083,11.8085,,,
1540979310.5696144,2.94083,11.8085,,,
1540979310.6470225,2.94083,11.8085,,,
1540979310.766195,2.94006,11.8085,0,0,0
1540979310.8485131,2.94006,11.8113,,,
1540979310.963509,2.94006,11.8113,,,
1540979311.0477443,2.94006,11.8113,,,
1540979311.1461363,2.9393,11.8147,,,
1540979311.247767,2.9393,11.8147,,,
1540979311.3563778,2.9393,11.8147,,,
1540979311.446518,2.93855,11.8147,,,
1540979311.5679328,2.93855,11.8173,,,
1540979311.6523767,2.93855,11.8173,,,
1540979311.770107,2.93779,11.8173,0,0,0
1540979311.8550577,2.93779,11.8203,,,
1540979311.9540205,2.93779,11.8203,,,
1540979312.0538893,2.93779,11.8203,,,
1540979312.1619897,2.93704,11.8237,,,
1540979312.272018,2.93704,11.8237,,,
1540979312.3755527,2.93704,11.8237,,,
1540979312.4542413,2.93628,11.8237,,,
1540979312.5547566,2.93628,11.8273,,,
1540979312.6613991,2.93628,11.8273,,,
1540979312.7549882,2.93628,11.8273,0,0,0
1540979312.8549957,2.93544,11.8299,,,
1540979312.9549775,2.93544,11.8299,,,
1540979313.0764813,2.93544,11.8299,,,
1540979313.1932085,2.93469,11.8329,,,
1540979313.2558718,2.93469,11.8329,,,
1540979313.3547926,2.93469,11.8329,,,
1540979313.4657412,2.93393,11.8329,,,
1540979313.5798802,2.93393,11.836,,,
1540979313.6563616,2.93393,11.836,,,
1540979313.756242,2.93393,11.836,0,0,0
1540979313.8602633,2.93318,11.8391,,,
1540979313.9761922,2.93318,11.8391,,,
1540979314.0563722,2.93318,11.8391,,,
1540979314.1558654,2.93234,11.8425,,,
1540979314.2569802,2.93234,11.8425,,,
1540979314.3659775,2.93234,11.8425,,,
1540979314.4577038,2.93158,11.8425,,,
1540979314.5563478,2.93158,11.8461,,,
1540979314.6563466,2.93158,11.8461,,,
1540979314.7926729,2.93083,11.8461,0,0,0
1540979314.861844,2.93083,11.8486,,,
1540979314.9581647,2.93083,11.8486,,,
1540979315.0580552,2.93083,11.8486,,,
1540979315.171844,2.93007,11.8515,,,
1540979315.2583275,2.93007,11.8515,,,
1540979315.3572297,2.93007,11.8515,,,
1540979315.4581378,2.92924,11.8515,,,
1540979315.5838056,2.92924,11.8551,,,
1540979315.6728415,2.92924,11.8551,,,
1540979315.7581487,2.92924,11.8551,0,0,0
1540979315.8581424,2.92848,11.8587,,,
1540979315.9581547,2.92848,11.8587,,,
1540979316.0657248,2.92848,11.8587,,,
1540979316.1581273,2.92772,11.8615,,,
1540979316.2583752,2.92772,11.8615,,,
1540979316.369463,2.92772,11.8615,,,
1540979316.5003064,2.9269,11.8615,,,
1540979316.568378,2.9269,11.8646,,,
1540979316.6579669,2.9269,11.8646,,,
1540979316.7608695,2.9269,11.8646,0,0,0
1540979316.8768284,2.92613,11.8679,,,
1540979316.9608328,2.92613,11.8679,,,
1540979317.0584846,2.92613,11.8679,,,
1540979317.1583576,2.92531,11.8705,,,
1540979317.2762825,2.92531,11.8705,,,
1540979317.3732321,2.92531,11.8705,,,
1540979317.458848,2.92455,11.8705,,,
1540979317.561319,2.92455,11.8741,,,
1540979317.6588411,2.92455,11.8741,,,
1540979317.7664576,2.92455,11.8741,0,0,0
1540979317.8606017,2.92371,11.878,,,
1540979317.9593508,2.92371,11.878,,,
1540979318.0642684,2.92371,11.878,,,
1540979318.200177,2.92288,11.8808,,,
1540979318.2945654,2.92288,11.8808,,,
1540979318.3639405,2.92288,11.8808,,,
1540979318.4613492,2.92212,11.8808,,,
1540979318.576203,2.92212,11.8841,,,
1540979318.6613493,2.92212,11.8841,,,
1540979318.7612958,2.92212,11.8841,0,0,0
1540979318.8629572,2.9213,11.8872,,,
1540979318.9770133,2.9213,11.8872,,,
1540979319.083093,2.9213,11.8872,,,
1540979319.1631916,2.92053,11.8872,,,
1540979319.2619417,2.92053,11.8906,,,
1540979319.3629308,2.92053,11.8906,,,
1540979319.4713552,2.91971,11.8906,,,
1540979319.5625792,2.91971,11.8942,,,
1540979319.663549,2.91971,11.8942,,,
1540979319.7643094,2.91971,11.8942,0,0,0
1540979319.9011362,2.91887,11.8978,,,
1540979319.9934292,2.91887,11.8978,,,
1540979320.0668094,2.91887,11.8978,,,
1540979320.1648037,2.91803,11.8978,,,
1540979320.271343,2.91803,11.9003,,,
1540979320.38279,2.91803,11.9003,,,
1540979320.4651737,2.91803,11.9003,,,
1540979320.5654244,2.91728,11.9037,,,
1540979320.6656868,2.91728,11.9037,,,
1540979320.7851486,2.91728,11.9037,0,0,0
1540979320.8660667,2.91644,11.907,,,
1540979320.9659412,2.91644,11.907,,,
1540979321.0659432,2.91644,11.907,,,
1540979321.182691,2.91562,11.9104,,,
1540979321.2899542,2.91562,11.9104,,,
1540979321.365803,2.91562,11.9104,,,
1540979321.4664323,2.91562,11.9104,,,
1540979321.5907412,2.91478,11.9142,,,
1540979321.684939,2.91478,11.9142,,,
1540979321.7674966,2.91478,11.9142,0,0,0
1540979321.8672957,2.91396,11.9176,,,
1540979321.9663022,2.91396,11.9176,,,
1540979322.0763037,2.91396,11.9176,,,
1540979322.1665554,2.91312,11.9176,,,
1540979322.2664165,2.91312,11.9209,,,
1540979322.3881817,2.91312,11.9209,,,
1540979322.4866748,2.91228,11.9209,,,
1540979322.5692723,2.91228,11.924,,,
1540979322.6673136,2.91228,11.924,,,
1540979322.767172,2.91228,11.924,0,0,0
1540979322.8760407,2.91145,11.9274,,,
1540979322.9851637,2.91145,11.9274,,,
1540979323.0679157,2.91145,11.9274,,,
1540979323.1890783,2.91061,11.9274,,,
1540979323.268191,2.91061,11.9312,,,
1540979323.375787,2.91061,11.9312,,,
1540979323.4688957,2.91061,11.9312,,,
1540979323.5680149,2.90979,11.9348,,,
1540979323.66841,2.90979,11.9348,,,
1540979323.7913067,2.90979,11.9348,0,0,0
1540979323.869807,2.90895,11.9376,,,
1540979323.9896543,2.90895,11.9376,,,
1540979324.071154,2.90895,11.9376,,,
1540979324.1857877,2.90813,11.9376,,,
1540979324.269549,2.90813,11.9412,,,
1540979324.3684256,2.90813,11.9412,,,
1540979324.4682553,2.90813,11.9412,,,
1540979324.5761607,2.90729,11.9446,,,
1540979324.686153,2.90729,11.9446,,,
1540979324.786878,2.90729,11.9446,0,0,0
1540979324.876036,2.90637,11.9482,,,
1540979324.9688027,2.90637,11.9482,,,
1540979325.0766723,2.90637,11.9482,,,
1540979325.1703777,2.90555,11.9482,,,
1540979325.270632,2.90555,11.952,,,
1540979325.3708887,2.90555,11.952,,,
1540979325.4922693,2.90471,11.952,,,
1540979325.5852199,2.90471,11.9551,,,
1540979325.678302,2.90471,11.9551,,,
1540979325.7713003,2.90471,11.9551,0,0,0
1540979325.8827667,2.90381,11.959,,,
1540979325.9715238,2.90381,11.959,,,
1540979326.0713816,2.90381,11.959,,,
1540979326.171385,2.90297,11.959,,,
1540979326.2810366,2.90297,11.9623,,,
1540979326.3980749,2.90297,11.9623,,,
1540979326.482774,2.90297,11.9623,,,
1540979326.5727708,2.90215,11.9659,,,
1540979326.6767697,2.90215,11.9659,,,
1540979326.790878,2.90215,11.9659,0,0,0
1540979326.8762617,2.90123,11.97,,,
1540979326.9742756,2.90123,11.97,,,
1540979327.0742686,2.90123,11.97,,,
1540979327.1881533,2.90041,11.97,,,
1540979327.2857666,2.90041,11.9731,,,
1540979327.3746433,2.90041,11.9731,,,
1540979327.4748852,2.90041,11.9731,,,
1540979327.591247,2.89949,11.977,,,
1540979327.6750143,2.89949,11.977,,,
1540979327.774889,2.89949,11.977,0,0,0
1540979327.8753862,2.89859,11.977,,,
1540979327.9887083,2.89859,11.9806,,,
1540979328.0901597,2.89859,11.9806,,,
1540979328.1760142,2.89775,11.9806,,,
1540979328.276011,2.89775,11.9842,,,
1540979328.3765252,2.89775,11.9842,,,
1540979328.482871,2.89775,11.9842,,,
1540979328.5763702,2.89684,11.9881,,,
1540979328.6763728,2.89684,11.9881,,,
1540979328.7756348,2.89684,11.9881,0,0,0
1540979328.9107392,2.89594,11.9914,,,
1540979329.003514,2.89594,11.9914,,,
1540979329.0773745,2.89594,11.9914,,,
1540979329.1761246,2.89502,11.9914,,,
1540979329.2827458,2.89502,11.995,,,
1540979329.3936224,2.89502,11.995,,,
1540979329.4763694,2.89502,11.995,,,
1540979329.5764985,2.89412,11.9989,,,
1540979329.6766253,2.89412,11.9989,,,
1540979329.7967434,2.89412,11.9989,0,0,0
1540979329.8769996,2.89328,11.9989,,,
1540979329.9771242,2.89328,12.003,,,
1540979330.0769901,2.89328,12.003,,,
1540979330.1961136,2.89238,12.003,,,
1540979330.2800057,2.89238,12.0063,,,
1540979330.3779972,2.89238,12.0063,,,
1540979330.4779987,2.89238,12.0063,,,
1540979330.6033866,2.89146,12.0102,,,
1540979330.695864,2.89146,12.0102,,,
1540979330.7780008,2.89146,12.0102,0,0,0
1540979330.8780005,2.89056,12.0102,,,
1540979330.9781501,2.89056,12.0135,,,
1540979331.0861044,2.89056,12.0135,,,
1540979331.1781068,2.89056,12.0135,,,
1540979331.2783794,2.88965,12.0176,,,
1540979331.3996048,2.88965,12.0176,,,
1540979331.5027294,2.88965,12.0176,,,
1540979331.5794938,2.88875,12.0218,,,
1540979331.678163,2.88875,12.0218,,,
1540979331.7782552,2.88875,12.0218,0,0,0
1540979331.8927314,2.88783,12.0218,,,
1540979332.0057282,2.88783,12.0251,,,
1540979332.0791986,2.88783,12.0251,,,
1540979332.2004387,2.88693,12.0251,,,
1540979332.2861185,2.88693,12.029,,,
1540979332.3970928,2.88693,12.029,,,
1540979332.4799504,2.88693,12.029,,,
1540979332.5799618,2.88602,12.0328,,,
1540979332.6799612,2.88602,12.0328,,,
1540979332.7857282,2.88602,12.0328,0,0,0
1540979332.879952,2.88504,12.0328,,,
1540979333.0016696,2.88504,12.0369,,,
1540979333.080834,2.88504,12.0369,,,
1540979333.2027297,2.88412,12.0369,,,
1540979333.2862215,2.88412,12.0405,,,
1540979333.3827205,2.88412,12.0405,,,
1540979333.4813402,2.88412,12.0405,,,
1540979333.592694,2.88322,12.0446,,,
1540979333.6840732,2.88322,12.0446,,,
1540979333.8032572,2.88322,12.0446,0,0,0
1540979333.8845794,2.88223,12.0446,,,
1540979333.9968374,2.88223,12.0485,,,
1540979334.1072028,2.88223,12.0485,,,
1540979334.1850965,2.88223,12.0485,,,
1540979334.2849584,2.88126,12.0529,,,
1540979334.386959,2.88126,12.0529,,,
1540979334.5018637,2.88126,12.0529,,,
1540979334.602285,2.88034,12.0565,,,
1540979334.6882355,2.88034,12.0565,,,
1540979334.7858424,2.88034,12.0565,0,0,0
1540979334.8922243,2.87936,12.0565,,,
1540979334.9862041,2.87936,12.0606,,,
1540979335.0862033,2.87936,12.0606,,,
1540979335.186214,2.87936,12.0606,,,
1540979335.3061976,2.87845,12.0642,,,
1540979335.4010503,2.87845,12.0642,,,
1540979335.4928317,2.87845,12.0642,,,
1540979335.58583,2.87746,12.0686,,,
1540979335.6966999,2.87746,12.0686,,,
1540979335.8098516,2.87746,12.0686,0,0,0
1540979335.8864617,2.87648,12.0686,,,
1540979335.9861975,2.87648,12.0724,,,
1540979336.0928257,2.87648,12.0724,,,
1540979336.2110405,2.87648,12.0724,,,
1540979336.2965727,2.87556,12.0768,,,
1540979336.386703,2.87556,12.0768,,,
1540979336.4868329,2.87556,12.0768,,,
1540979336.5958073,2.87459,12.0768,,,
1540979336.686684,2.87459,12.0807,,,
1540979336.7873325,2.87459,12.0807,0,0,0
1540979336.887316,2.8736,12.0807,,,
1540979337.0222518,2.8736,12.0843,,,
1540979337.1154857,2.8736,12.0843,,,
1540979337.1895897,2.8736,12.0843,,,
1540979337.2889674,2.87262,12.0886,,,
1540979337.3986232,2.87262,12.0886,,,
1540979337.5061302,2.87262,12.0886,,,
1540979337.5886893,2.87164,12.0886,,,
1540979337.6891327,2.87164,12.093,,,
1540979337.7937465,2.87164,12.093,0,0,0
1540979337.904112,2.87065,12.093,,,
1540979337.9893248,2.87065,12.0969,,,
1540979338.0894473,2.87065,12.0969,,,
1540979338.190204,2.87065,12.0969,,,
1540979338.3126953,2.86975,12.1007,,,
1540979338.3953044,2.86975,12.1007,,,
1540979338.489913,2.86975,12.1007,,,
1540979338.591625,2.86868,12.1007,,,
1540979338.719884,2.86868,12.1056,,,
1540979338.8173058,2.86868,12.1056,0,0,0
1540979338.8925526,2.86771,12.1056,,,
1540979338.9892797,2.86771,12.1095,,,
1540979339.0963013,2.86771,12.1095,,,
1540979339.2075016,2.86771,12.1095,,,
1540979339.2897718,2.86671,12.1138,,,
1540979339.390189,2.86671,12.1138,,,
1540979339.4903028,2.86671,12.1138,,,
1540979339.6106312,2.86574,12.1138,,,
1540979339.733621,2.86574,12.1177,,,
1540979339.8116703,2.86574,12.1177,0,0,0
1540979339.8919039,2.86574,12.1177,,,
1540979340.0062852,2.86467,12.1228,,,
1540979340.1159153,2.86467,12.1228,,,
1540979340.192651,2.86467,12.1228,,,
1540979340.2926545,2.86369,12.1267,,,
1540979340.3970208,2.86369,12.1267,,,
1540979340.5103903,2.86369,12.1267,,,
1540979340.6136034,2.8627,12.1267,,,
1540979340.6930234,2.8627,12.1308,,,
1540979340.7930322,2.8627,12.1308,0,0,0
1540979340.9026344,2.86165,12.1308,,,
1540979340.9932766,2.86165,12.1349,,,
1540979341.0935261,2.86165,12.1349,,,
1540979341.1939068,2.86165,12.1349,,,
1540979341.3126543,2.86066,12.1393,,,
1540979341.4284005,2.86066,12.1393,,,
1540979341.4946575,2.86066,12.1393,,,
1540979341.5939143,2.8596,12.1393,,,
1540979341.7027817,2.8596,12.1442,,,
1540979341.8115537,2.8596,12.1442,0,0,0
1540979341.8947754,2.8596,12.1442,,,
1540979341.9945216,2.85854,12.1486,,,
1540979342.0951471,2.85854,12.1486,,,
1540979342.22168,2.85854,12.1486,,,
1540979342.3001132,2.85756,12.1524,,,
1540979342.4002624,2.85756,12.1524,,,
1540979342.5001035,2.85756,12.1524,,,
1540979342.6144924,2.85649,12.1524,,,
1540979342.723264,2.85649,12.1576,0,0,0
1540979342.8001757,2.85649,12.1576,,,
1540979342.9015923,2.85649,12.1576,,,
1540979343.0230327,2.85544,12.1617,,,
1540979343.1172054,2.85544,12.1617,,,
1540979343.2002704,2.85544,12.1617,,,
1540979343.3008144,2.85437,12.1661,,,
1540979343.4043374,2.85437,12.1661,,,
1540979343.5069695,2.85437,12.1661,,,
1540979343.602079,2.85339,12.1661,,,
1540979343.7006834,2.85339,12.1704,,,
1540979343.8237982,2.85339,12.1704,0,0,0
1540979343.9245672,2.85234,12.1704,,,
1540979344.006987,2.85234,12.1748,,,
1540979344.1012797,2.85234,12.1748,,,
1540979344.2026796,2.85234,12.1748,,,
1540979344.314191,2.85127,12.1797,,,
1540979344.4268463,2.85127,12.1797,,,
1540979344.5044775,2.85127,12.1797,,,
1540979344.6265316,2.85014,12.1797,,,
1540979344.7087772,2.85014,12.1841,0,0,0
1540979344.817301,2.85014,12.1841,,,
1540979344.9087284,2.85014,12.1841,,,
1540979345.0079856,2.84915,12.1887,,,
1540979345.107961,2.84915,12.1887,,,
1540979345.2280874,2.84915,12.1887,,,
1540979345.3123567,2.84802,12.1936,,,
1540979345.4266117,2.84802,12.1936,,,
1540979345.5118442,2.84802,12.1936,,,
1540979345.625332,2.84695,12.1936,,,
1540979345.7329085,2.84695,12.198,0,0,0
1540979345.8089526,2.84695,12.198,,,
1540979345.9090497,2.84695,12.198,,,
1540979346.014443,2.8459,12.2023,,,
1540979346.127251,2.8459,12.2023,,,
1540979346.2258348,2.8459,12.2023,,,
1540979346.3172917,2.84483,12.207,,,
1540979346.4157288,2.84483,12.207,,,
1540979346.526863,2.84483,12.207,,,
1540979346.6097527,2.8437,12.207,,,
1540979346.7083848,2.8437,12.2119,,,
1540979346.8086321,2.8437,12.2119,0,0,0
1540979346.9167395,2.8437,12.2119,,,
1540979347.0221896,2.84265,12.2165,,,
1540979347.1170974,2.84265,12.2165,,,
1540979347.2110045,2.84265,12.2165,,,
1540979347.3280866,2.84151,12.2211,,,
1540979347.4127455,2.84151,12.2211,,,
1540979347.5111163,2.84151,12.2211,,,
1540979347.6112573,2.84045,12.2211,,,
1540979347.7183235,2.84045,12.226,,,
1540979347.8372765,2.84045,12.226,0,0,0
1540979347.9201999,2.84045,12.226,,,
1540979348.0110664,2.83931,12.2306,,,
1540979348.1113765,2.83931,12.2306,,,
1540979348.2225792,2.83931,12.2306,,,
1540979348.312973,2.83826,12.2355,,,
1540979348.4133615,2.83826,12.2355,,,
1540979348.512973,2.83826,12.2355,,,
1540979348.646673,2.83711,12.2355,,,
1540979348.7452219,2.83711,12.2401,0,0,0
1540979348.8155873,2.83711,12.2401,,,
1540979348.9139674,2.83711,12.2401,,,
1540979349.0278485,2.83598,12.245,,,
1540979349.1380742,2.83598,12.245,,,
1540979349.2143319,2.83598,12.245,,,
1540979349.3140874,2.83493,12.245,,,
1540979349.4214206,2.83493,12.2499,,,
1540979349.5263383,2.83493,12.2499,,,
1540979349.6145813,2.83379,12.2499,,,
1540979349.7150872,2.83379,12.2545,0,0,0
1540979349.814846,2.83379,12.2545,,,
1540979349.9228265,2.83379,12.2545,,,
1540979350.0148466,2.83266,12.2594,,,
1540979350.1155915,2.83266,12.2594,,,
1540979350.2155943,2.83266,12.2594,,,
1540979350.3561735,2.83151,12.2646,,,
1540979350.4465888,2.83151,12.2646,,,
1540979350.518039,2.83151,12.2646,,,
1540979350.6160905,2.83038,12.2646,,,
1540979350.7285726,2.83038,12.2695,0,0,0
1540979350.8399897,2.83038,12.2695,,,
1540979350.9170897,2.83038,12.2695,,,
1540979351.0164661,2.82925,12.2744,,,
1540979351.1180701,2.82925,12.2744,,,
1540979351.233098,2.82925,12.2744,,,
1540979351.317092,2.82811,12.2744,,,
1540979351.4170835,2.82811,12.2792,,,
1540979351.51709,2.82811,12.2792,,,
1540979351.6385667,2.82698,12.2792,,,
1540979351.7210658,2.82698,12.2844,0,0,0
1540979351.8175547,2.82698,12.2844,,,
1540979351.9164596,2.82698,12.2844,,,
1540979352.0434475,2.82576,12.2893,,,
1540979352.118992,2.82576,12.2893,,,
1540979352.2168407,2.82576,12.2893,,,
1540979352.3171978,2.82463,12.2893,,,
1540979352.4291093,2.82463,12.2942,,,
1540979352.5197277,2.82463,12.2942,,,
1540979352.6182172,2.82463,12.2942,,,
1540979352.7180312,2.8235,12.2996,0,0,0
1540979352.8472607,2.8235,12.2996,,,
1540979352.9363406,2.8235,12.2996,,,
1540979353.0181963,2.82236,12.3044,,,
1540979353.1180844,2.82236,12.3044,,,
1540979353.2180388,2.82236,12.3044,,,
1540979353.327327,2.82115,12.3044,,,
1540979353.4181852,2.82115,12.3096,,,
1540979353.5183103,2.82115,12.3096,,,
1540979353.6390553,2.82115,12.3096,,,
1540979353.738101,2.82001,12.3145,0,0,0
1540979353.821825,2.82001,12.3145,,,
1540979353.918311,2.82001,12.3145,,,
1540979354.0180874,2.8188,12.3199,,,
1540979354.1281853,2.8188,12.3199,,,
1540979354.2360866,2.8188,12.3199,,,
1540979354.3185458,2.81767,12.3199,,,
1540979354.4418697,2.81767,12.325,,,
1540979354.5190768,2.81767,12.325,,,
1540979354.6267068,2.81767,12.325,,,
1540979354.7193003,2.81645,12.3302,0,0,0
1540979354.8197038,2.81645,12.3302,,,
1540979354.9210398,2.81645,12.3302,,,
1540979355.0446894,2.81525,12.3356,,,
1540979355.121168,2.81525,12.3356,,,
1540979355.2427537,2.81525,12.3356,,,
1540979355.3229942,2.81403,12.3356,,,
1540979355.4427626,2.81403,12.3407,,,
1540979355.5243568,2.81403,12.3407,,,
1540979355.6241255,2.81403,12.3407,,,
1540979355.724487,2.8129,12.3459,0,0,0
1540979355.8330095,2.8129,12.3459,,,
1540979355.9423876,2.8129,12.3459,,,
1540979356.0498574,2.81169,12.3513,,,
1540979356.1337929,2.81169,12.3513,,,
1540979356.2251313,2.81169,12.3513,,,
1540979356.334102,2.81047,12.3513,,,
1540979356.4244056,2.81047,12.3567,,,
1540979356.5252333,2.81047,12.3567,,,
1540979356.6255314,2.81047,12.3567,,,
1540979356.7456584,2.80927,12.3616,0,0,0
1540979356.8594003,2.80927,12.3616,,,
1540979356.9394023,2.80927,12.3616,,,
1540979357.0252388,2.80806,12.3672,,,
1540979357.1400592,2.80806,12.3672,,,
1540979357.2480164,2.80806,12.3672,,,
1540979357.3271775,2.80684,12.3672,,,
1540979357.4265378,2.80684,12.3724,,,
1540979357.5287952,2.80684,12.3724,,,
1540979357.6539497,2.80684,12.3724,,,
1540979357.7385116,2.80563,12.3775,0,0,0
1540979357.8260462,2.80563,12.3775,,,
1540979357.929127,2.80563,12.3775,,,
1540979358.036282,2.80441,12.3775,,,
1540979358.1286864,2.80441,12.3832,,,
1540979358.2264113,2.80441,12.3832,,,
1540979358.3264093,2.80321,12.3832,,,
1540979358.470288,2.80321,12.3888,,,
1540979358.556896,2.80321,12.3888,,,
1540979358.6272807,2.80321,12.3888,,,
1540979358.7256584,2.802,12.394,0,0,0
1540979358.8392518,2.802,12.394,,,
1540979358.9511151,2.802,12.394,,,
1540979359.026528,2.80078,12.394,,,
1540979359.1260176,2.80078,12.3991,,,
1540979359.2362034,2.80078,12.3991,,,
1540979359.3432698,2.7995,12.3991,,,
1540979359.4265192,2.7995,12.405,,,
1540979359.5268958,2.7995,12.405,,,
1540979359.6267686,2.7995,12.405,,,
1540979359.7330112,2.79829,12.4104,0,0,0
1540979359.8268893,2.79829,12.4104,,,
1540979359.9277368,2.79829,12.4104,,,
1540979360.027264,2.797,12.4104,,,
1540979360.1667027,2.797,12.4158,,,
1540979360.2627916,2.797,12.4158,,,
1540979360.328987,2.797,12.4158,,,
1540979360.428327,2.79579,12.4215,,,
1540979360.5446422,2.79579,12.4215,,,
1540979360.6282952,2.79579,12.4215,,,
1540979360.7283664,2.79451,12.4271,0,0,0
1540979360.8281288,2.79451,12.4271,,,
1540979360.9353848,2.79451,12.4271,,,
1540979361.0504909,2.79329,12.4271,,,
1540979361.128018,2.79329,12.4325,,,
1540979361.2281063,2.79329,12.4325,,,
1540979361.328128,2.79329,12.4325,,,
1540979361.4373813,2.79201,12.4379,,,
1540979361.5281541,2.79201,12.4379,,,
1540979361.6282527,2.79201,12.4379,,,
1540979361.728372,2.7908,12.4439,0,0,0
1540979361.8643875,2.7908,12.4439,,,
1540979361.931368,2.7908,12.4439,,,
1540979362.0287225,2.78951,12.4439,,,
1540979362.1287212,2.78951,12.4493,,,
1540979362.238225,2.78951,12.4493,,,
1540979362.3468726,2.78822,12.4493,,,
1540979362.4333782,2.78822,12.4554,,,
1540979362.5331259,2.78822,12.4554,,,
1540979362.6529539,2.78822,12.4554,,,
1540979362.7378538,2.78694,12.4608,0,0,0
1540979362.831236,2.78694,12.4608,,,
1540979362.9322271,2.78694,12.4608,,,
1540979363.0312586,2.78572,12.4608,,,
1540979363.155737,2.78572,12.4665,,,
1540979363.2312272,2.78572,12.4665,,,
1540979363.3320143,2.78572,12.4665,,,
1540979363.4531689,2.78444,12.4719,,,
1540979363.5454903,2.78444,12.4719,,,
1540979363.6320956,2.78444,12.4719,,,
1540979363.7331064,2.78316,12.4781,0,0,0
1540979363.832609,2.78316,12.4781,,,
1540979363.937744,2.78316,12.4781,,,
1540979364.050006,2.78186,12.4781,,,
1540979364.1341043,2.78186,12.4835,,,
1540979364.2530227,2.78186,12.4835,,,
1540979364.3343549,2.78186,12.4835,,,
1540979364.43864,2.78058,12.4891,,,
1540979364.5345995,2.78058,12.4891,,,
1540979364.6345935,2.78058,12.4891,,,
1540979364.7345972,2.7793,12.4953,0,0,0
1540979364.8488536,2.7793,12.4953,,,
1540979364.9566016,2.7793,12.4953,,,
1540979365.0508258,2.778,12.4953,,,
1540979365.1376991,2.778,12.5012,,,
1540979365.238126,2.778,12.5012,,,
1540979365.3518732,2.778,12.5012,,,
1540979365.4354608,2.77664,12.5069,,,
1540979365.5358472,2.77664,12.5069,,,
1540979365.6360931,2.77664,12.5069,,,
1540979365.7450082,2.77536,12.5131,0,0,0
1540979365.8499396,2.77536,12.5131,,,
1540979365.9434688,2.77536,12.5131,,,
1540979366.0364592,2.77406,12.5131,,,
1540979366.1539567,2.77406,12.519,,,
1540979366.2369733,2.77406,12.519,,,
1540979366.336961,2.77406,12.519,,,
1540979366.436328,2.77271,12.5246,,,
1540979366.54433,2.77271,12.5246,,,
1540979366.661411,2.77271,12.5246,,,
1540979366.7469556,2.77142,12.5308,0,0,0
1540979366.8410692,2.77142,12.5308,,,
1540979366.9412332,2.77142,12.5308,,,
1540979367.0480156,2.77013,12.5308,,,
1540979367.1412208,2.77013,12.5367,,,
1540979367.2417316,2.77013,12.5367,,,
1540979367.341563,2.77013,12.5367,,,
1540979367.4807663,2.76877,12.5429,,,
1540979367.5769029,2.76877,12.5429,,,
1540979367.6460311,2.76877,12.5429,,,
1540979367.7452743,2.76741,12.5488,0,0,0
1540979367.8597033,2.76741,12.5488,,,
1540979367.9673824,2.76741,12.5488,,,
1540979368.0460289,2.76611,12.5488,,,
1540979368.146765,2.76611,12.5547,,,
1540979368.2580125,2.76611,12.5547,,,
1540979368.3580468,2.76611,12.5547,,,
1540979368.4442234,2.76476,12.5609,,,
1540979368.544331,2.76476,12.5609,,,
1540979368.6444538,2.76476,12.5609,,,
1540979368.7477028,2.7634,12.5609,0,0,0
1540979368.8447015,2.7634,12.5671,,,
1540979368.9448187,2.7634,12.5671,,,
1540979369.0449436,2.7621,12.5671,,,
1540979369.1762726,2.7621,12.573,,,
1540979369.2724233,2.7621,12.573,,,
1540979369.3471866,2.7621,12.573,,,
1540979369.4455647,2.76074,12.5792,,,
1540979369.5541975,2.76074,12.5792,,,
1540979369.6634376,2.76074,12.5792,,,
1540979369.745826,2.75938,12.5792,0,0,0
1540979369.8459382,2.75938,12.5856,,,
1540979369.9461906,2.75938,12.5856,,,
1540979370.063585,2.75803,12.5856,,,
1540979370.146311,2.75803,12.5915,,,
1540979370.246301,2.75803,12.5915,,,
1540979370.347057,2.75803,12.5915,,,
1540979370.468005,2.75665,12.5979,,,
1540979370.5468056,2.75665,12.5979,,,
1540979370.6459177,2.75665,12.5979,,,
1540979370.7476013,2.75529,12.5979,0,0,0
1540979370.8748078,2.75529,12.6041,,,
1540979370.9714296,2.75529,12.6041,,,
1540979371.0465686,2.75529,12.6041,,,
1540979371.1465564,2.75394,12.6103,,,
1540979371.2554398,2.75394,12.6103,,,
1540979371.3644137,2.75394,12.6103,,,
1540979371.4469237,2.75256,12.6167,,,
1540979371.5470505,2.75256,12.6167,,,
1540979371.6677706,2.75256,12.6167,,,
1540979371.754667,2.75113,12.6167,0,0,0
1540979371.8490267,2.75113,12.6229,,,
1540979371.9480543,2.75113,12.6229,,,
1540979372.0478969,2.75113,12.6229,,,
1540979372.1679018,2.74977,12.6291,,,
1540979372.2526472,2.74977,12.6291,,,
1540979372.3478906,2.74977,12.6291,,,
1540979372.4691722,2.74841,12.6363,,,
1540979372.5581691,2.74841,12.6363,,,
1540979372.673092,2.74841,12.6363,,,
1540979372.7541697,2.74696,12.6363,0,0,0
1540979372.850194,2.74696,12.6419,,,
1540979372.9550521,2.74696,12.6419,,,
1540979373.0663004,2.74561,12.6419,,,
1540979373.15002,2.74561,12.6484,,,
1540979373.2701547,2.74561,12.6484,,,
1540979373.3504055,2.74561,12.6484,,,
1540979373.4598272,2.74417,12.655,,,
1540979373.5482805,2.74417,12.655,,,
1540979373.6488101,2.74417,12.655,,,
1540979373.7482798,2.74281,12.655,0,0,0
1540979373.8686383,2.74281,12.6615,,,
1540979373.9526396,2.74281,12.6615,,,
1540979374.0701325,2.74281,12.6615,,,
1540979374.1519022,2.74136,12.6684,,,
1540979374.2654212,2.74136,12.6684,,,
1540979374.350645,2.74136,12.6684,,,
1540979374.450885,2.73993,12.6746,,,
1540979374.5508876,2.73993,12.6746,,,
1540979374.6608999,2.73993,12.6746,,,
1540979374.7699392,2.73849,12.6746,0,0,0
1540979374.8690338,2.73849,12.681,,,
1540979374.9560335,2.73849,12.681,,,
1540979375.0511405,2.73849,12.681,,,
1540979375.1608064,2.73712,12.6877,,,
1540979375.2512627,2.73712,12.6877,,,
1540979375.3520272,2.73712,12.6877,,,
1540979375.4530234,2.73569,12.6944,,,
1540979375.5749016,2.73569,12.6944,,,
1540979375.6673484,2.73569,12.6944,,,
1540979375.7589986,2.73425,12.6944,0,0,0
1540979375.8534055,2.73425,12.7011,,,
1540979375.966277,2.73425,12.7011,,,
1540979376.0540152,2.73425,12.7011,,,
1540979376.1541605,2.73282,12.708,,,
1540979376.2540228,2.73282,12.708,,,
1540979376.35878,2.73282,12.708,,,
1540979376.4788888,2.73137,12.7147,,,
1540979376.5631306,2.73137,12.7147,,,
1540979376.6547596,2.73137,12.7147,,,
1540979376.7599924,2.72986,12.7147,0,0,0
1540979376.8728795,2.72986,12.7214,,,
1540979376.9548664,2.72986,12.7214,,,
1540979377.055521,2.72986,12.7214,,,
1540979377.1555092,2.72842,12.7281,,,
1540979377.2716866,2.72842,12.7281,,,
1540979377.3681483,2.72842,12.7281,,,
1540979377.4559991,2.72699,12.7281,,,
1540979377.5558827,2.72699,12.7348,,,
1540979377.675113,2.72699,12.7348,,,
1540979377.7585866,2.72548,12.7348,0,0,0
1540979377.8562536,2.72548,12.742,,,
1540979377.9562273,2.72548,12.742,,,
1540979378.0705588,2.72548,12.742,,,
1540979378.1726096,2.72403,12.7489,,,
1540979378.2567415,2.72403,12.7489,,,
1540979378.3564923,2.72403,12.7489,,,
1540979378.457115,2.72252,12.7489,,,
1540979378.5647447,2.72252,12.7559,,,
1540979378.657131,2.72252,12.7559,,,
1540979378.757118,2.72108,12.7559,0,0,0
1540979378.8573623,2.72108,12.7626,,,
1540979378.9969063,2.72108,12.7626,,,
1540979379.0898764,2.72108,12.7626,,,
1540979379.1583953,2.71957,12.7693,,,
1540979379.2566187,2.71957,12.7693,,,
1540979379.368227,2.71957,12.7693,,,
1540979379.4825957,2.71805,12.7693,,,
1540979379.5580106,2.71805,12.7767,,,
1540979379.6577191,2.71805,12.7767,,,
1540979379.7649992,2.71661,12.7767,0,0,0
1540979379.8794763,2.71661,12.7837,,,
1540979379.9578962,2.71661,12.7837,,,
1540979380.0578938,2.71661,12.7837,,,
1540979380.1578948,2.7151,12.7906,,,
1540979380.2643607,2.7151,12.7906,,,
1540979380.3580077,2.7151,12.7906,,,
1540979380.4581006,2.71359,12.7906,,,
1540979380.5580776,2.71359,12.7978,,,
1540979380.694724,2.71359,12.7978,,,
1540979380.7628539,2.71359,12.7978,0,0,0
1540979380.859835,2.71208,12.8047,,,
1540979380.9598703,2.71208,12.8047,,,
1540979381.070445,2.71208,12.8047,,,
1540979381.1827092,2.71056,12.8122,,,
1540979381.2590692,2.71056,12.8122,,,
1540979381.358075,2.71056,12.8122,,,
1540979381.4815133,2.70905,12.8122,,,
1540979381.577222,2.70905,12.8192,,,
1540979381.658443,2.70905,12.8192,,,
1540979381.7598698,2.70905,12.8192,0,0,0
1540979381.858852,2.70753,12.8266,,,
1540979381.9699771,2.70753,12.8266,,,
1540979382.0603259,2.70753,12.8266,,,
1540979382.161207,2.70595,12.8341,,,
1540979382.280784,2.70595,12.8341,,,
1540979382.380452,2.70595,12.8341,,,
1540979382.463471,2.70436,12.8341,,,
1540979382.5608077,2.70436,12.8413,,,
1540979382.6609368,2.70436,12.8413,,,
1540979382.7679758,2.70436,12.8413,0,0,0
1540979382.8793333,2.70284,12.849,,,
1540979382.9611876,2.70284,12.849,,,
1540979383.0795846,2.70284,12.849,,,
1540979383.1664526,2.70125,12.8559,,,
1540979383.2685964,2.70125,12.8559,,,
1540979383.3625736,2.70125,12.8559,,,
1540979383.463832,2.69974,12.8559,,,
1540979383.5628328,2.69974,12.8637,,,
1540979383.685216,2.69974,12.8637,,,
1540979383.7690566,2.69974,12.8637,0,0,0
1540979383.8787706,2.69807,12.8711,,,
1540979383.9711769,2.69807,12.8711,,,
1540979384.0761938,2.69807,12.8711,,,
1540979384.1644545,2.69656,12.8786,,,
1540979384.2650642,2.69656,12.8786,,,
1540979384.3649287,2.69656,12.8786,,,
1540979384.4690895,2.69496,12.8786,,,
1540979384.5829208,2.69496,12.8866,,,
1540979384.6753695,2.69496,12.8866,,,
1540979384.773325,2.69496,12.8866,0,0,0
1540979384.8683414,2.69337,12.8935,,,
1540979384.9825838,2.69337,12.8935,,,
1540979385.066182,2.69337,12.8935,,,
1540979385.1655607,2.69179,12.9017,,,
1540979385.2658095,2.69179,12.9017,,,
1540979385.374793,2.69179,12.9017,,,
1540979385.4693174,2.69012,12.9017,,,
1540979385.5883684,2.69012,12.9092,,,
1540979385.6782322,2.69012,12.9092,,,
1540979385.7856843,2.69012,12.9092,0,0,0
1540979385.8697102,2.68854,12.9172,,,
1540979385.9659386,2.68854,12.9172,,,
1540979386.0660572,2.68854,12.9172,,,
1540979386.1763315,2.68687,12.9249,,,
1540979386.283792,2.68687,12.9249,,,
1540979386.3698816,2.68687,12.9249,,,
1540979386.4883473,2.68527,12.9249,,,
1540979386.582551,2.68527,12.9326,,,
1540979386.67584,2.68527,12.9326,,,
1540979386.7667983,2.68527,12.9326,0,0,0
1540979386.8680859,2.68361,12.9406,,,
1540979386.9670448,2.68361,12.9406,,,
1540979387.088175,2.68361,12.9406,,,
1540979387.1684198,2.68202,12.9406,,,
1540979387.267629,2.68202,12.9485,,,
1540979387.3869312,2.68202,12.9485,,,
1540979387.4809134,2.68036,12.9485,,,
1540979387.5680604,2.68036,12.9565,,,
1540979387.6676672,2.68036,12.9565,,,
1540979387.7676396,2.68036,12.9565,0,0,0
1540979387.8780339,2.6787,12.9645,,,
1540979387.9863186,2.6787,12.9645,,,
1540979388.068057,2.6787,12.9645,,,
1540979388.1889417,2.67703,12.9645,,,
1540979388.2685688,2.67703,12.973,,,
1540979388.3750563,2.67703,12.973,,,
1540979388.4704149,2.67703,12.973,,,
1540979388.5699399,2.67537,12.981,,,
1540979388.668076,2.67537,12.981,,,
1540979388.7893157,2.67537,12.981,0,0,0
1540979388.8730485,2.67363,12.9892,,,
1540979388.989656,2.67363,12.9892,,,
1540979389.0683181,2.67363,12.9892,,,
1540979389.187039,2.67195,12.9969,,,
1540979389.2698069,2.67195,12.9969,,,
1540979389.369681,2.67195,12.9969,,,
1540979389.469808,2.67195,12.9969,,,
1540979389.576048,2.67029,13.0054,,,
1540979389.6867805,2.67029,13.0054,,,
1540979389.7914445,2.67029,13.0054,0,0,0
1540979389.8703878,2.66855,13.0136,,,
1540979389.9708145,2.66855,13.0136,,,
1540979390.0798023,2.66855,13.0136,,,
1540979390.1708832,2.66689,13.0136,,,
1540979390.2710547,2.66689,13.0219,,,
1540979390.3708863,2.66689,13.0219,,,
1540979390.4911444,2.66515,13.0219,,,
1540979390.6096141,2.66515,13.0306,,,
1540979390.6720335,2.66515,13.0306,,,
1540979390.771164,2.66515,13.0306,0,0,0
1540979390.8865418,2.66341,13.0391,,,
1540979390.9717612,2.66341,13.0391,,,
1540979391.0718992,2.66341,13.0391,,,
1540979391.1718922,2.66167,13.0391,,,
1540979391.280898,2.66167,13.0476,,,
1540979391.3942451,2.66167,13.0476,,,
1540979391.4748962,2.66167,13.0476,,,
1540979391.573783,2.65993,13.0561,,,
1540979391.6741393,2.65993,13.0561,,,
1540979391.7803888,2.65993,13.0561,0,0,0
1540979391.874151,2.65819,13.0648,,,
1540979391.9741616,2.65819,13.0648,,,
1540979392.0746512,2.65819,13.0648,,,
1540979392.2129824,2.65636,13.0648,,,
1540979392.2802541,2.65636,13.0736,,,
1540979392.374901,2.65636,13.0736,,,
1540979392.475039,2.65636,13.0736,,,
1540979392.589121,2.65462,13.0823,,,
1540979392.69801,2.65462,13.0823,,,
1540979392.7752805,2.65462,13.0823,0,0,0
1540979392.8757684,2.6528,13.091,,,
1540979392.9959283,2.6528,13.091,,,
1540979393.0880928,2.6528,13.091,,,
1540979393.1761389,2.65106,13.091,,,
1540979393.2762606,2.65106,13.0998,,,
1540979393.3761377,2.65106,13.0998,,,
1540979393.485628,2.65106,13.0998,,,
1540979393.5765018,2.64925,13.1088,,,
1540979393.676626,2.64925,13.1088,,,
1540979393.7871745,2.64925,13.1088,0,0,0
1540979393.9125528,2.64743,13.1178,,,
1540979394.0103939,2.64743,13.1178,,,
1540979394.0777445,2.64743,13.1178,,,
1540979394.1762395,2.64561,13.1178,,,
1540979394.2911117,2.64561,13.1268,,,
1540979394.3992395,2.64561,13.1268,,,
1540979394.4766185,2.64561,13.1268,,,
1540979394.5778432,2.6438,13.1358,,,
1540979394.6877341,2.6438,13.1358,,,
1540979394.7900982,2.6438,13.1358,0,0,0
1540979394.876856,2.64191,13.1358,,,
1540979394.9772582,2.64191,13.1451,,,
1540979395.0772517,2.64191,13.1451,,,
1540979395.1852593,2.64009,13.1451,,,
1540979395.278866,2.64009,13.1541,,,
1540979395.377374,2.64009,13.1541,,,
1540979395.4809272,2.64009,13.1541,,,
1540979395.6186817,2.6382,13.1636,,,
1540979395.711381,2.6382,13.1636,0,0,0
1540979395.7793684,2.6382,13.1636,,,
1540979395.878153,2.63638,13.1636,,,
1540979395.9897106,2.63638,13.1726,,,
1540979396.1032405,2.63638,13.1726,,,
1540979396.1782522,2.63449,13.1726,,,
1540979396.2800019,2.63449,13.1821,,,
1540979396.386226,2.63449,13.1821,,,
1540979396.4978867,2.63449,13.1821,,,
1540979396.5800962,2.6326,13.1916,,,
1540979396.679118,2.6326,13.1916,,,
1540979396.778087,2.6326,13.1916,0,0,0
1540979396.8861136,2.63071,13.1916,,,
1540979396.9804592,2.63071,13.2011,,,
1540979397.079495,2.63071,13.2011,,,
1540979397.1797483,2.63071,13.2011,,,
1540979397.319538,2.62881,13.2107,,,
1540979397.4157546,2.62881,13.2107,,,
1540979397.4816988,2.62881,13.2107,,,
1540979397.5803301,2.62692,13.2204,,,
1540979397.696466,2.62692,13.2204,,,
1540979397.7805836,2.62692,13.2204,0,0,0
1540979397.8808312,2.62495,13.2204,,,
1540979397.9809666,2.62495,13.2302,,,
1540979398.091221,2.62495,13.2302,,,
1540979398.2085598,2.62299,13.2302,,,
1540979398.2808201,2.62299,13.24,,,
1540979398.382091,2.62299,13.24,,,
1540979398.482716,2.62299,13.24,,,
1540979398.591715,2.62102,13.2498,,,
1540979398.6813366,2.62102,13.2498,,,
1540979398.7827034,2.62102,13.2498,0,0,0
1540979398.8832085,2.61905,13.2498,,,
1540979399.0194457,2.61905,13.2595,,,
1540979399.0850909,2.61905,13.2595,,,
1540979399.1828363,2.61905,13.2595,,,
1540979399.282714,2.61716,13.2696,,,
1540979399.3911963,2.61716,13.2696,,,
1540979399.5014539,2.61716,13.2696,,,
1540979399.5840962,2.61511,13.2799,,,
1540979399.6844583,2.61511,13.2799,,,
1540979399.8044975,2.61511,13.2799,0,0,0
1540979399.8914454,2.61314,13.2799,,,
1540979399.9856946,2.61314,13.2901,,,
1540979400.084814,2.61314,13.2901,,,
1540979400.18482,2.61314,13.2901,,,
1540979400.3063233,2.6111,13.3002,,,
1540979400.3898394,2.6111,13.3002,,,
1540979400.48544,2.6111,13.3002,,,
1540979400.6024988,2.60905,13.3105,,,
1540979400.6962085,2.60905,13.3105,,,
1540979400.785571,2.60905,13.3105,0,0,0
1540979400.8856921,2.60709,13.3105,,,
1540979400.9860668,2.60709,13.3208,,,
1540979401.0909212,2.60709,13.3208,,,
1540979401.2034369,2.60504,13.3208,,,
1540979401.2864196,2.60504,13.3313,,,
1540979401.4013855,2.60504,13.3313,,,
1540979401.4931922,2.60504,13.3313,,,
1540979401.5959387,2.603,13.3418,,,
1540979401.6864526,2.603,13.3418,,,
1540979401.7869356,2.603,13.3418,0,0,0
1540979401.8862941,2.60088,13.3418,,,
1540979402.006193,2.60088,13.3524,,,
1540979402.0889046,2.60088,13.3524,,,
1540979402.1971266,2.60088,13.3524,,,
1540979402.295305,2.59883,13.3632,,,
1540979402.396059,2.59883,13.3632,,,
1540979402.5040631,2.59883,13.3632,,,
1540979402.5867903,2.59673,13.3737,,,
1540979402.686809,2.59673,13.3737,,,
1540979402.787178,2.59673,13.3737,0,0,0
1540979402.8962986,2.59468,13.3737,,,
1540979402.991374,2.59468,13.3846,,,
1540979403.109382,2.59468,13.3846,,,
1540979403.201921,2.59468,13.3846,,,
1540979403.3114424,2.59248,13.3956,,,
1540979403.3886368,2.59248,13.3956,,,
1540979403.488899,2.59248,13.3956,,,
1540979403.587748,2.59036,13.4067,,,
1540979403.7007682,2.59036,13.4067,,,
1540979403.8126528,2.59036,13.4067,0,0,0
1540979403.8913534,2.58824,13.4067,,,
1540979404.0091608,2.58824,13.418,,,
1540979404.104402,2.58824,13.418,,,
1540979404.200306,2.58824,13.418,,,
1540979404.2879162,2.58604,13.429,,,
1540979404.390271,2.58604,13.429,,,
1540979404.4902637,2.58604,13.429,,,
1540979404.5963986,2.58385,13.429,,,
1540979404.6903808,2.58385,13.4404,,,
1540979404.7906303,2.58385,13.4404,0,0,0
1540979404.9075935,2.58165,13.4404,,,
1540979405.0096276,2.58165,13.4519,,,
1540979405.0939045,2.58165,13.4519,,,
1540979405.1904256,2.58165,13.4519,,,
1540979405.2907925,2.57953,13.4633,,,
1540979405.4026372,2.57953,13.4633,,,
1540979405.4901204,2.57953,13.4633,,,
1540979405.5903878,2.57727,13.4633,,,
1540979405.7094176,2.57727,13.4748,,,
1540979405.7971504,2.57727,13.4748,0,0,0
1540979405.9095342,2.57507,13.4748,,,
1540979405.990881,2.57507,13.4869,,,
1540979406.0926313,2.57507,13.4869,,,
1540979406.1921358,2.57507,13.4869,,,
1540979406.3015409,2.5728,13.4985,,,
1540979406.3931522,2.5728,13.4985,,,
1540979406.5124621,2.5728,13.4985,,,
1540979406.5927715,2.57053,13.4985,,,
1540979406.7159,2.57053,13.5103,,,
1540979406.793142,2.57053,13.5103,0,0,0
1540979406.892907,2.57053,13.5103,,,
1540979406.993014,2.56833,13.5222,,,
1540979407.107565,2.56833,13.5222,,,
1540979407.1935093,2.56833,13.5222,,,
1540979407.3130977,2.56598,13.5343,,,
1540979407.3938985,2.56598,13.5343,,,
1540979407.5021207,2.56598,13.5343,,,
1540979407.6116176,2.56372,13.5343,,,
1540979407.6943774,2.56372,13.5463,,,
1540979407.794614,2.56372,13.5463,0,0,0
1540979407.8947544,2.56372,13.5463,,,
1540979408.0013676,2.56137,13.5584,,,
1540979408.115941,2.56137,13.5584,,,
1540979408.194999,2.56137,13.5584,,,
1540979408.2961135,2.5591,13.5708,,,
1540979408.4127476,2.5591,13.5708,,,
1540979408.4956164,2.5591,13.5708,,,
1540979408.5960064,2.55675,13.5708,,,
1540979408.6957498,2.55675,13.5834,,,
1540979408.8023841,2.55675,13.5834,0,0,0
1540979408.9163125,2.55434,13.5834,,,
1540979408.996492,2.55434,13.596,,,
1540979409.0963688,2.55434,13.596,,,
1540979409.1967473,2.55434,13.596,,,
1540979409.3067453,2.55199,13.6086,,,
1540979409.396224,2.55199,13.6086,,,
1540979409.4967432,2.55199,13.6086,,,
1540979409.5967455,2.54956,13.6086,,,
1540979409.7341673,2.54956,13.6217,,,
1540979409.8013482,2.54956,13.6217,0,0,0
1540979409.8963587,2.54956,13.6217,,,
1540979409.9964893,2.54713,13.6343,,,
1540979410.1057281,2.54713,13.6343,,,
1540979410.214227,2.54713,13.6343,,,
1540979410.2971146,2.54472,13.6474,,,
1540979410.3969924,2.54472,13.6474,,,
1540979410.512407,2.54472,13.6474,,,
1540979410.6059983,2.54222,13.6474,,,
1540979410.6978273,2.54222,13.6608,,,
1540979410.797985,2.54222,13.6608,0,0,0
1540979410.8982708,2.54222,13.6608,,,
1540979411.0228472,2.53979,13.6742,,,
1540979411.097956,2.53979,13.6742,,,
1540979411.1978374,2.53979,13.6742,,,
1540979411.3092556,2.53729,13.6876,,,
1540979411.4314256,2.53729,13.6876,,,
1540979411.5258694,2.53729,13.6876,,,
1540979411.598615,2.53481,13.6876,,,
1540979411.6979554,2.53481,13.7009,,,
1540979411.8062367,2.53481,13.7009,0,0,0
1540979411.9157267,2.53481,13.7009,,,
1540979411.9981012,2.53223,13.7148,,,
1540979412.098023,2.53223,13.7148,,,
1540979412.2022915,2.53223,13.7148,,,
1540979412.32141,2.52972,13.7287,,,
1540979412.4348752,2.52972,13.7287,,,
1540979412.5018382,2.52972,13.7287,,,
1540979412.5990963,2.52716,13.7287,,,
1540979412.7163634,2.52716,13.7426,,,
1540979412.800587,2.52716,13.7426,0,0,0
1540979412.8994982,2.52716,13.7426,,,
1540979412.999492,2.52451,13.7568,,,
1540979413.1100662,2.52451,13.7568,,,
1540979413.215836,2.52451,13.7568,,,
1540979413.3010788,2.52193,13.7568,,,
1540979413.3995981,2.52193,13.7706,,,
1540979413.5015702,2.52193,13.7706,,,
1540979413.6060658,2.51936,13.7706,,,
1540979413.7013304,2.51936,13.785,,,
1540979413.8010747,2.51936,13.785,0,0,0
1540979413.9016182,2.51936,13.785,,,
1540979414.0364063,2.51671,13.7995,,,
1540979414.1300592,2.51671,13.7995,,,
1540979414.2047093,2.51671,13.7995,,,
1540979414.3020809,2.51405,13.7995,,,
1540979414.4096134,2.51405,13.8141,,,
1540979414.521607,2.51405,13.8141,,,
1540979414.6039627,2.51134,13.8141,,,
1540979414.7038312,2.51134,13.829,,,
1540979414.8039584,2.51134,13.829,0,0,0
1540979414.9221845,2.51134,13.829,,,
1540979415.0043235,2.50861,13.8439,,,
1540979415.104455,2.50861,13.8439,,,
1540979415.204322,2.50861,13.8439,,,
1540979415.3261964,2.50589,13.8589,,,
1540979415.404707,2.50589,13.8589,,,
1540979415.5047019,2.50589,13.8589,,,
1540979415.6045647,2.50589,13.8589,,,
1540979415.7331908,2.50316,13.8743,,,
1540979415.8307955,2.50316,13.8743,0,0,0
1540979415.9058256,2.50316,13.8743,,,
1540979416.0053253,2.50037,13.8895,,,
1540979416.1116993,2.50037,13.8895,,,
1540979416.2229233,2.50037,13.8895,,,
1540979416.3055677,2.49763,13.8895,,,
