Cell Model,VTC6
Cell Number,9
Power Level,34.73
Load,1
Temperature,40
Time (s),Volts,Amps,Temp 1,Temp 2,Temp 3
1541121215.9203486,4.19429,0.000106812,,,
1541121216.0116103,4.19429,0.000106812,0,0,0
1541121216.112231,4.07127,5.22998,,,
1541121216.222752,4.07127,5.22998,,,
1541121216.3137267,4.07127,5.22998,,,
1541121216.4147413,3.94916,5.22998,,,
1541121216.5145328,3.94916,8.79353,,,
1541121216.6431763,3.94916,8.79353,,,
1541121216.7353506,3.94008,8.79353,,,
1541121216.8151052,3.94008,8.81328,,,
1541121216.9145973,3.94008,8.81328,,,
1541121217.01723,3.94008,8.81328,0,0,0
1541121217.1329966,3.93356,8.82788,,,
1541121217.214967,3.93356,8.82788,,,
1541121217.3150926,3.93356,8.82788,,,
1541121217.4371843,3.92819,8.82788,,,
1541121217.523347,3.92819,8.83968,,,
1541121217.6164753,3.92819,8.83968,,,
1541121217.715709,3.92819,8.83968,,,
1541121217.816347,3.92358,8.84993,,,
1541121217.938608,3.92358,8.84993,,,
1541121218.0229661,3.92358,8.84993,0,0,0
1541121218.1163483,3.91949,8.85941,,,
1541121218.2356617,3.91949,8.85941,,,
1541121218.3288426,3.91949,8.85941,,,
1541121218.4398375,3.91579,8.85941,,,
1541121218.5187213,3.91579,8.86761,,,
1541121218.616344,3.91579,8.86761,,,
1541121218.7227068,3.91579,8.86761,,,
1541121218.8349664,3.91238,8.87531,,,
1541121218.9176989,3.91238,8.87531,,,
1541121219.0320554,3.91238,8.87531,0,0,0
1541121219.125475,3.90929,8.88223,,,
1541121219.2255952,3.90929,8.88223,,,
1541121219.3186078,3.90929,8.88223,,,
1541121219.4186096,3.90633,8.88223,,,
1541121219.5186977,3.90633,8.88914,,,
1541121219.6226878,3.90633,8.88914,,,
1541121219.7188475,3.90633,8.88914,,,
1541121219.8303165,3.90361,8.89503,,,
1541121219.9268508,3.90361,8.89503,,,
1541121220.035321,3.90361,8.89503,0,0,0
1541121220.1432133,3.90103,8.90094,,,
1541121220.2213166,3.90103,8.90094,,,
1541121220.3188396,3.90103,8.90094,,,
1541121220.4235888,3.89862,8.90094,,,
1541121220.5367038,3.89862,8.90633,,,
1541121220.6224267,3.89862,8.90633,,,
1541121220.7420552,3.89862,8.90633,,,
1541121220.8334532,3.89635,8.9117,,,
1541121220.9269629,3.89635,8.9117,,,
1541121221.0198514,3.89635,8.9117,0,0,0
1541121221.119298,3.89415,8.9117,,,
1541121221.2199585,3.89415,8.91682,,,
1541121221.3421822,3.89415,8.91682,,,
1541121221.422193,3.89211,8.91682,,,
1541121221.5245163,3.89211,8.92145,,,
1541121221.6429667,3.89211,8.92145,,,
1541121221.7434442,3.89211,8.92145,,,
1541121221.8221905,3.89014,8.9258,,,
1541121221.9215536,3.89014,8.9258,,,
1541121222.0210724,3.89014,8.9258,0,0,0
1541121222.128554,3.88824,8.9299,,,
1541121222.2395844,3.88824,8.9299,,,
1541121222.3229032,3.88824,8.9299,,,
1541121222.4212272,3.88824,8.9299,,,
1541121222.54515,3.88643,8.93451,,,
1541121222.6438227,3.88643,8.93451,,,
1541121222.7221642,3.88643,8.93451,,,
1541121222.822294,3.88469,8.93835,,,
1541121222.9222944,3.88469,8.93835,,,
1541121223.0421903,3.88469,8.93835,0,0,0
1541121223.1264493,3.88303,8.93835,,,
1541121223.223584,3.88303,8.94194,,,
1541121223.3229566,3.88303,8.94194,,,
1541121223.4498208,3.88144,8.94194,,,
1541121223.5435548,3.88144,8.94554,,,
1541121223.6254487,3.88144,8.94554,,,
1541121223.7235813,3.88144,8.94554,,,
1541121223.8247876,3.87985,8.94989,,,
1541121223.9335465,3.87985,8.94989,,,
1541121224.0251563,3.87985,8.94989,0,0,0
1541121224.125317,3.87842,8.94989,,,
1541121224.2471282,3.87842,8.95297,,,
1541121224.348809,3.87842,8.95297,,,
1541121224.4329545,3.87698,8.95297,,,
1541121224.5260441,3.87698,8.95604,,,
1541121224.6263163,3.87698,8.95604,,,
1541121224.739068,3.87698,8.95604,,,
1541121224.8262987,3.87553,8.95912,,,
1541121224.9268034,3.87553,8.95912,,,
1541121225.048797,3.87553,8.95912,0,0,0
1541121225.1350555,3.87418,8.95912,,,
1541121225.243542,3.87418,8.96245,,,
1541121225.3263059,3.87418,8.96245,,,
1541121225.4277809,3.87418,8.96245,,,
1541121225.5265403,3.87289,8.96579,,,
1541121225.6339104,3.87289,8.96579,,,
1541121225.726293,3.87289,8.96579,,,
1541121225.849451,3.87167,8.96835,,,
1541121225.9285572,3.87167,8.96835,,,
1541121226.0491595,3.87167,8.96835,0,0,0
1541121226.1323113,3.87047,8.96835,,,
1541121226.228565,3.87047,8.97116,,,
1541121226.3285637,3.87047,8.97116,,,
1541121226.4390156,3.87047,8.97116,,,
1541121226.5285122,3.86926,8.97372,,,
1541121226.6510224,3.86926,8.97372,,,
1541121226.729157,3.86926,8.97372,,,
1541121226.8394175,3.86804,8.97629,,,
1541121226.9282763,3.86804,8.97629,,,
1541121227.0297706,3.86804,8.97629,0,0,0
1541121227.1294193,3.86699,8.97629,,,
1541121227.2359238,3.86699,8.97911,,,
1541121227.347587,3.86699,8.97911,,,
1541121227.4555902,3.86699,8.97911,,,
1541121227.5345185,3.86586,8.98219,,,
1541121227.6291428,3.86586,8.98219,,,
1541121227.7384217,3.86586,8.98219,,,
1541121227.8294194,3.86479,8.9845,,,
1541121227.9304152,3.86479,8.9845,,,
1541121228.03067,3.86479,8.9845,0,0,0
1541121228.1565275,3.86374,8.9845,,,
1541121228.2695582,3.86374,8.9868,,,
1541121228.3367777,3.86374,8.9868,,,
1541121228.431627,3.86374,8.9868,,,
1541121228.5450363,3.86275,8.98911,,,
1541121228.6534986,3.86275,8.98911,,,
1541121228.731512,3.86275,8.98911,,,
1541121228.832276,3.86177,8.99141,,,
1541121228.9337845,3.86177,8.99141,,,
1541121229.0500572,3.86177,8.99141,0,0,0
1541121229.146758,3.86078,8.99141,,,
1541121229.231767,3.86078,8.99347,,,
1541121229.332907,3.86078,8.99347,,,
1541121229.4555519,3.86078,8.99347,,,
1541121229.5368812,3.85988,8.99603,,,
1541121229.633518,3.85988,8.99603,,,
1541121229.733407,3.85988,8.99603,,,
1541121229.8597882,3.85896,8.99808,,,
1541121229.9511387,3.85896,8.99808,,,
1541121230.0332549,3.85896,8.99808,0,0,0
1541121230.1343944,3.85806,8.99808,,,
1541121230.2342596,3.85806,9.00014,,,
1541121230.3432682,3.85806,9.00014,,,
1541121230.4343941,3.85806,9.00014,,,
1541121230.5347676,3.85715,9.00192,,,
1541121230.6389534,3.85715,9.00192,,,
1541121230.7733505,3.85715,9.00192,,,
1541121230.866769,3.85632,9.00398,,,
1541121230.9385114,3.85632,9.00398,0,0,0
1541121231.0363617,3.85632,9.00398,,,
1541121231.149405,3.85548,9.00398,,,
1541121231.2367327,3.85548,9.00577,,,
1541121231.336121,3.85548,9.00577,,,
1541121231.4363694,3.85548,9.00577,,,
1541121231.5483189,3.85466,9.00757,,,
1541121231.6541247,3.85466,9.00757,,,
1541121231.7364898,3.85466,9.00757,,,
1541121231.8363726,3.85382,9.00757,,,
1541121231.9366543,3.85382,9.00961,,,
1541121232.0431135,3.85382,9.00961,0,0,0
1541121232.137026,3.85307,9.00961,,,
1541121232.237119,3.85307,9.01192,,,
1541121232.3377802,3.85307,9.01192,,,
1541121232.4812956,3.85307,9.01192,,,
1541121232.5694592,3.85231,9.01372,,,
1541121232.637832,3.85231,9.01372,,,
1541121232.7367651,3.85231,9.01372,,,
1541121232.8493564,3.85156,9.0155,,,
1541121232.9617212,3.85156,9.0155,,,
1541121233.039716,3.85156,9.0155,0,0,0
1541121233.1372178,3.85156,9.0155,,,
1541121233.2447512,3.8508,9.01704,,,
1541121233.3604589,3.8508,9.01704,,,
1541121233.4392264,3.8508,9.01704,,,
1541121233.539128,3.85004,9.01884,,,
1541121233.6391258,3.85004,9.01884,,,
1541121233.7469752,3.85004,9.01884,,,
1541121233.8393736,3.84937,9.01884,,,
1541121233.9392123,3.84937,9.02039,,,
1541121234.0393665,3.84937,9.02039,0,0,0
1541121234.1752572,3.84868,9.02039,,,
1541121234.2421174,3.84868,9.02191,,,
1541121234.3393748,3.84868,9.02191,,,
1541121234.4392319,3.84868,9.02191,,,
1541121234.5494866,3.84793,9.02345,,,
1541121234.6389697,3.84793,9.02345,,,
1541121234.7392173,3.84793,9.02345,,,
1541121234.839382,3.84732,9.02345,,,
1541121234.9693387,3.84732,9.02499,,,
1541121235.0602114,3.84732,9.02499,0,0,0
1541121235.1403785,3.84732,9.02499,,,
1541121235.2403636,3.84663,9.02679,,,
1541121235.3407073,3.84663,9.02679,,,
1541121235.448026,3.84663,9.02679,,,
1541121235.5415854,3.84596,9.02832,,,
1541121235.6410892,3.84596,9.02832,,,
1541121235.7636828,3.84596,9.02832,,,
1541121235.8654685,3.84528,9.02986,,,
1541121235.947357,3.84528,9.02986,,,
1541121236.0417485,3.84528,9.02986,0,0,0
1541121236.1415153,3.84528,9.02986,,,
1541121236.2566285,3.84467,9.03114,,,
1541121236.342714,3.84467,9.03114,,,
1541121236.4428458,3.84467,9.03114,,,
1541121236.5645423,3.84407,9.03268,,,
1541121236.6494842,3.84407,9.03268,,,
1541121236.7597246,3.84407,9.03268,,,
1541121236.8434615,3.84346,9.03268,,,
1541121236.9435833,3.84346,9.03397,,,
1541121237.0429738,3.84346,9.03397,0,0,0
1541121237.1486018,3.84346,9.03397,,,
1541121237.2442117,3.84285,9.03551,,,
1541121237.362036,3.84285,9.03551,,,
1541121237.4488466,3.84285,9.03551,,,
1541121237.5639484,3.84225,9.03679,,,
1541121237.6505923,3.84225,9.03679,,,
1541121237.7449448,3.84225,9.03679,,,
1541121237.8464155,3.84164,9.03679,,,
1541121237.9576292,3.84164,9.03831,,,
1541121238.0465214,3.84164,9.03831,0,0,0
1541121238.163522,3.84164,9.03831,,,
1541121238.2563841,3.84111,9.0396,,,
1541121238.3601754,3.84111,9.0396,,,
1541121238.4710317,3.84111,9.0396,,,
1541121238.5485706,3.84059,9.04088,,,
1541121238.6475751,3.84059,9.04088,,,
1541121238.7507596,3.84059,9.04088,,,
1541121238.863798,3.83998,9.04088,,,
1541121238.9602468,3.83998,9.04216,,,
1541121239.0567725,3.83998,9.04216,0,0,0
1541121239.1501093,3.83998,9.04216,,,
1541121239.2569482,3.83945,9.04396,,,
1541121239.3482008,3.83945,9.04396,,,
1541121239.4483685,3.83945,9.04396,,,
1541121239.5483537,3.83891,9.04498,,,
1541121239.6710138,3.83891,9.04498,,,
1541121239.7620468,3.83891,9.04498,,,
1541121239.8635125,3.83839,9.04498,,,
1541121239.9501216,3.83839,9.04626,,,
1541121240.0617723,3.83839,9.04626,0,0,0
1541121240.1719174,3.83786,9.04626,,,
1541121240.2508574,3.83786,9.04729,,,
1541121240.3513799,3.83786,9.04729,,,
1541121240.4557254,3.83786,9.04729,,,
1541121240.575621,3.83733,9.04857,,,
1541121240.6691108,3.83733,9.04857,,,
1541121240.749666,3.83733,9.04857,,,
1541121240.850743,3.83681,9.04857,,,
1541121240.9591806,3.83681,9.04985,,,
1541121241.051516,3.83681,9.04985,0,0,0
1541121241.1508155,3.83681,9.04985,,,
1541121241.2511504,3.83635,9.05063,,,
1541121241.353768,3.83635,9.05063,,,
1541121241.4922261,3.83635,9.05063,,,
1541121241.5754905,3.83582,9.05063,,,
1541121241.6561964,3.83582,9.05191,,,
1541121241.7687414,3.83582,9.05191,,,
1541121241.8760266,3.83536,9.05191,,,
1541121241.955176,3.83536,9.05293,0,0,0
1541121242.0543845,3.83536,9.05293,,,
1541121242.1590831,3.83536,9.05293,,,
1541121242.2734997,3.83484,9.05421,,,
1541121242.3985353,3.83484,9.05421,,,
1541121242.4589274,3.83484,9.05421,,,
1541121242.5545313,3.83438,9.05421,,,
1541121242.6643553,3.83438,9.05498,,,
1541121242.7590485,3.83438,9.05498,,,
1541121242.8545256,3.83392,9.05498,,,
1541121242.955888,3.83392,9.05652,,,
1541121243.0753665,3.83392,9.05652,0,0,0
1541121243.180797,3.83392,9.05652,,,
1541121243.2576861,3.83347,9.05806,,,
1541121243.351946,3.83347,9.05806,,,
1541121243.4637945,3.83347,9.05806,,,
1541121243.5694542,3.83302,9.05806,,,
1541121243.652812,3.83302,9.05882,,,
1541121243.754798,3.83302,9.05882,,,
1541121243.876006,3.83257,9.05882,,,
1541121243.958161,3.83257,9.0601,0,0,0
1541121244.0549252,3.83257,9.0601,,,
1541121244.1554227,3.83257,9.0601,,,
1541121244.2536697,3.83211,9.06088,,,
1541121244.3764257,3.83211,9.06088,,,
1541121244.4571676,3.83211,9.06088,,,
1541121244.5567718,3.83165,9.06088,,,
1541121244.6788087,3.83165,9.06216,,,
1541121244.7664435,3.83165,9.06216,,,
1541121244.8559194,3.83165,9.06216,,,
1541121244.9563947,3.83128,9.06293,,,
1541121245.0566647,3.83128,9.06293,0,0,0
1541121245.1665547,3.83128,9.06293,,,
1541121245.2565439,3.83083,9.06395,,,
1541121245.356664,3.83083,9.06395,,,
1541121245.4795516,3.83083,9.06395,,,
1541121245.5659347,3.83044,9.06395,,,
1541121245.6735508,3.83044,9.06473,,,
1541121245.756407,3.83044,9.06473,,,
1541121245.8565245,3.83044,9.06473,,,
1541121245.956536,3.82999,9.06575,,,
1541121246.0641487,3.82999,9.06575,0,0,0
1541121246.1580899,3.82999,9.06575,,,
1541121246.2763662,3.82954,9.06677,,,
1541121246.3626263,3.82954,9.06677,,,
1541121246.4597976,3.82954,9.06677,,,
1541121246.5635266,3.82916,9.06677,,,
1541121246.6571455,3.82916,9.06754,,,
1541121246.7583787,3.82916,9.06754,,,
1541121246.870305,3.82916,9.06754,,,
1541121246.9838045,3.82878,9.06908,0,0,0
1541121247.0759728,3.82878,9.06908,,,
1541121247.1664233,3.82878,9.06908,,,
1541121247.269155,3.82832,9.06985,,,
1541121247.383411,3.82832,9.06985,,,
1541121247.4605103,3.82832,9.06985,,,
1541121247.5594118,3.82796,9.06985,,,
1541121247.6665018,3.82796,9.07062,,,
1541121247.7768795,3.82796,9.07062,,,
1541121247.8765771,3.82796,9.07062,,,
1541121247.9672778,3.82758,9.07164,0,0,0
1541121248.0661552,3.82758,9.07164,,,
1541121248.1778402,3.82758,9.07164,,,
1541121248.2598977,3.82719,9.07242,,,
1541121248.3602684,3.82719,9.07242,,,
1541121248.4603868,3.82719,9.07242,,,
1541121248.5692441,3.82681,9.07242,,,
1541121248.6677866,3.82681,9.0737,,,
1541121248.7734113,3.82681,9.0737,,,
1541121248.8608727,3.82681,9.0737,,,
1541121248.9644928,3.82635,9.07472,,,
1541121249.0623562,3.82635,9.07472,0,0,0
1541121249.1623447,3.82635,9.07472,,,
1541121249.2613716,3.82607,9.07523,,,
1541121249.3764923,3.82607,9.07523,,,
1541121249.494213,3.82607,9.07523,,,
1541121249.57948,3.82568,9.07523,,,
1541121249.6623511,3.82568,9.07626,,,
1541121249.7667525,3.82568,9.07626,,,
1541121249.8792357,3.82568,9.07626,,,
1541121249.9618485,3.8253,9.07703,0,0,0
1541121250.0633233,3.8253,9.07703,,,
1541121250.162359,3.8253,9.07703,,,
1541121250.2722912,3.82492,9.07779,,,
1541121250.4049456,3.82492,9.07779,,,
1541121250.4893515,3.82492,9.07779,,,
1541121250.5836313,3.82454,9.07779,,,
1541121250.6853542,3.82454,9.07883,,,
1541121250.7681007,3.82454,9.07883,,,
1541121250.8653967,3.82454,9.07883,,,
1541121250.9644759,3.82425,9.07933,,,
1541121251.076373,3.82425,9.07933,0,0,0
1541121251.1644857,3.82425,9.07933,,,
1541121251.264719,3.82387,9.08035,,,
1541121251.3837247,3.82387,9.08035,,,
1541121251.4707537,3.82387,9.08035,,,
1541121251.5832179,3.82349,9.08035,,,
1541121251.6657119,3.82349,9.08139,,,
1541121251.7668548,3.82349,9.08139,,,
1541121251.8660789,3.82349,9.08139,,,
1541121251.9747207,3.82318,9.08215,0,0,0
1541121252.0662541,3.82318,9.08215,,,
1541121252.1886635,3.82318,9.08215,,,
1541121252.2662187,3.8228,9.08215,,,
1541121252.3692162,3.8228,9.08292,,,
1541121252.466121,3.8228,9.08292,,,
1541121252.5661047,3.82251,9.08292,,,
1541121252.6658418,3.82251,9.08394,,,
1541121252.7806056,3.82251,9.08394,,,
1541121252.8667223,3.82251,9.08394,,,
1541121252.9956694,3.82213,9.08446,0,0,0
1541121253.073785,3.82213,9.08446,,,
1541121253.1781044,3.82213,9.08446,,,
1541121253.2850807,3.82182,9.08446,,,
1541121253.3693805,3.82182,9.08522,,,
1541121253.4694085,3.82182,9.08522,,,
1541121253.5695794,3.82182,9.08522,,,
1541121253.6745203,3.82144,9.08626,,,
1541121253.810579,3.82144,9.08626,,,
1541121253.8727126,3.82144,9.08626,,,
1541121253.9708264,3.82114,9.08676,0,0,0
1541121254.088236,3.82114,9.08676,,,
1541121254.1709373,3.82114,9.08676,,,
1541121254.2697427,3.82083,9.08676,,,
1541121254.3701944,3.82083,9.08754,,,
1541121254.477385,3.82083,9.08754,,,
1541121254.596114,3.82047,9.08754,,,
1541121254.6745243,3.82047,9.0883,,,
1541121254.7698214,3.82047,9.0883,,,
1541121254.8700724,3.82047,9.0883,,,
1541121254.9758365,3.82016,9.08882,0,0,0
1541121255.0700233,3.82016,9.08882,,,
1541121255.1738086,3.82016,9.08882,,,
1541121255.274377,3.81985,9.08882,,,
1541121255.4217083,3.81985,9.08984,,,
1541121255.4762752,3.81985,9.08984,,,
1541121255.571929,3.81985,9.08984,,,
1541121255.672628,3.81955,9.09087,,,
1541121255.781791,3.81955,9.09087,,,
1541121255.8729045,3.81955,9.09087,,,
1541121255.9720876,3.81924,9.09189,0,0,0
1541121256.07202,3.81924,9.09189,,,
1541121256.204335,3.81924,9.09189,,,
1541121256.2942588,3.81888,9.09189,,,
1541121256.3733797,3.81888,9.09241,,,
1541121256.4733608,3.81888,9.09241,,,
1541121256.5767825,3.81888,9.09241,,,
1541121256.6894212,3.81865,9.09317,,,
1541121256.7730439,3.81865,9.09317,,,
1541121256.8735538,3.81865,9.09317,,,
1541121256.9955316,3.81827,9.09395,0,0,0
1541121257.0816202,3.81827,9.09395,,,
1541121257.174253,3.81827,9.09395,,,
1541121257.2752507,3.81796,9.09395,,,
1541121257.3740518,3.81796,9.09471,,,
1541121257.4972768,3.81796,9.09471,,,
1541121257.57897,3.81796,9.09471,,,
1541121257.674643,3.81766,9.09523,,,
1541121257.792442,3.81766,9.09523,,,
1541121257.8918529,3.81766,9.09523,,,
1541121258.0055592,3.81735,9.09625,0,0,0
1541121258.0795655,3.81735,9.09625,,,
1541121258.1780646,3.81735,9.09625,,,
1541121258.2805398,3.81706,9.09625,,,
1541121258.3933218,3.81706,9.09651,,,
1541121258.4771545,3.81706,9.09651,,,
1541121258.5925364,3.81706,9.09651,,,
1541121258.6863089,3.81676,9.09727,,,
1541121258.7850535,3.81676,9.09727,,,
1541121258.877807,3.81676,9.09727,,,
1541121258.9782493,3.81645,9.09804,0,0,0
1541121259.078906,3.81645,9.09804,,,
1541121259.2011783,3.81645,9.09804,,,
1541121259.2841702,3.81615,9.09804,,,
1541121259.3918855,3.81615,9.09856,,,
1541121259.4874778,3.81615,9.09856,,,
1541121259.591195,3.81615,9.09856,,,
1541121259.6803274,3.81592,9.09908,,,
1541121259.7830377,3.81592,9.09908,,,
1541121259.8790197,3.81592,9.09908,,,
1541121259.9887853,3.81561,9.1001,0,0,0
1541121260.0980363,3.81561,9.1001,,,
1541121260.190526,3.81561,9.1001,,,
1541121260.294462,3.81531,9.1001,,,
1541121260.3822432,3.81531,9.1006,,,
1541121260.4864697,3.81531,9.1006,,,
1541121260.5835068,3.81531,9.1006,,,
1541121260.6822097,3.81502,9.10112,,,
1541121260.7826424,3.81502,9.10112,,,
1541121260.898461,3.81502,9.10112,,,
1541121261.0148764,3.81479,9.10188,0,0,0
1541121261.1032383,3.81479,9.10188,,,
1541121261.1832378,3.81479,9.10188,,,
1541121261.288236,3.81448,9.10188,,,
1541121261.399367,3.81448,9.10266,,,
1541121261.4833167,3.81448,9.10266,,,
1541121261.583803,3.81448,9.10266,,,
1541121261.6834228,3.81418,9.10316,,,
1541121261.7956965,3.81418,9.10316,,,
1541121261.919376,3.81418,9.10316,,,
1541121261.9847157,3.81395,9.10368,0,0,0
1541121262.0841103,3.81395,9.10368,,,
1541121262.2035134,3.81395,9.10368,,,
1541121262.2870252,3.81364,9.10368,,,
1541121262.3844647,3.81364,9.10471,,,
1541121262.4844973,3.81364,9.10471,,,
1541121262.5926983,3.81364,9.10471,,,
1541121262.7066224,3.81335,9.10548,,,
1541121262.7872393,3.81335,9.10548,,,
1541121262.885417,3.81335,9.10548,,,
1541121262.99038,3.81313,9.10651,0,0,0
1541121263.0954678,3.81313,9.10651,,,
1541121263.1862864,3.81313,9.10651,,,
1541121263.2859597,3.81282,9.10651,,,
1541121263.385685,3.81282,9.10701,,,
1541121263.5244129,3.81282,9.10701,,,
1541121263.5893433,3.81282,9.10701,,,
1541121263.6864657,3.81259,9.10753,,,
1541121263.7869658,3.81259,9.10753,,,
1541121263.8962698,3.81259,9.10753,,,
1541121263.9856496,3.81229,9.10753,0,0,0
1541121264.0856621,3.81229,9.10829,,,
1541121264.186026,3.81229,9.10829,,,
1541121264.3103454,3.81198,9.10829,,,
1541121264.404489,3.81198,9.10881,,,
1541121264.4865286,3.81198,9.10881,,,
1541121264.587176,3.81198,9.10881,,,
1541121264.6866593,3.81175,9.10931,,,
1541121264.794239,3.81175,9.10931,,,
1541121264.8871565,3.81175,9.10931,,,
1541121264.9863882,3.81146,9.10931,0,0,0
1541121265.1103435,3.81146,9.10983,,,
1541121265.1920469,3.81146,9.10983,,,
1541121265.2865033,3.81146,9.10983,,,
1541121265.3866408,3.81123,9.11086,,,
1541121265.487143,3.81123,9.11086,,,
1541121265.6025171,3.81123,9.11086,,,
1541121265.6873817,3.81093,9.11111,,,
1541121265.788889,3.81093,9.11111,,,
1541121265.91235,3.81093,9.11111,,,
1541121265.9977624,3.8107,9.11111,0,0,0
1541121266.106133,3.8107,9.11163,,,
1541121266.1885085,3.8107,9.11163,,,
1541121266.2901506,3.8107,9.11163,,,
1541121266.390268,3.81047,9.1124,,,
1541121266.4961324,3.81047,9.1124,,,
1541121266.5883944,3.81047,9.1124,,,
1541121266.7125618,3.81017,9.11292,,,
1541121266.796002,3.81017,9.11292,,,
1541121266.9113698,3.81017,9.11292,,,
1541121267.0181303,3.80994,9.11292,0,0,0
1541121267.0968695,3.80994,9.11342,,,
1541121267.1969717,3.80994,9.11342,,,
1541121267.3013535,3.80965,9.11342,,,
1541121267.414618,3.80965,9.1142,,,
1541121267.5209563,3.80965,9.1142,,,
1541121267.602869,3.80965,9.1142,,,
1541121267.7033617,3.80942,9.11496,,,
1541121267.8271255,3.80942,9.11496,,,
1541121267.9101155,3.80942,9.11496,,,
1541121268.0041163,3.80919,9.11496,0,0,0
1541121268.1073134,3.80919,9.11572,,,
1541121268.2185163,3.80919,9.11572,,,
1541121268.3333225,3.80888,9.11572,,,
1541121268.4133632,3.80888,9.11598,,,
1541121268.506112,3.80888,9.11598,,,
1541121268.6116343,3.80888,9.11598,,,
1541121268.7240033,3.80865,9.1165,,,
1541121268.8070922,3.80865,9.1165,,,
1541121268.9071007,3.80865,9.1165,,,
1541121269.0071983,3.80843,9.1165,0,0,0
1541121269.1267922,3.80843,9.11726,,,
1541121269.2136257,3.80843,9.11726,,,
1541121269.3113384,3.80812,9.11726,,,
1541121269.4116328,3.80812,9.11804,,,
1541121269.5263305,3.80812,9.11804,,,
1541121269.6347513,3.80812,9.11804,,,
1541121269.7145252,3.80791,9.11829,,,
1541121269.8139727,3.80791,9.11829,,,
1541121269.93755,3.80791,9.11829,,,
1541121270.0269911,3.80768,9.11906,0,0,0
1541121270.1246681,3.80768,9.11906,,,
1541121270.2241325,3.80768,9.11906,,,
1541121270.3236234,3.80737,9.11906,,,
1541121270.4382794,3.80737,9.11983,,,
1541121270.5481215,3.80737,9.11983,,,
1541121270.6289885,3.80737,9.11983,,,
1541121270.74665,3.80714,9.12061,,,
1541121270.8315942,3.80714,9.12061,,,
1541121270.9347131,3.80714,9.12061,,,
1541121271.025326,3.80692,9.12137,0,0,0
1541121271.1250277,3.80692,9.12137,,,
1541121271.2254343,3.80692,9.12137,,,
1541121271.3480263,3.80669,9.12137,,,
1541121271.4310174,3.80669,9.12189,,,
1541121271.5420759,3.80669,9.12189,,,
1541121271.6334808,3.80669,9.12189,,,
1541121271.7361174,3.80638,9.12239,,,
1541121271.8262463,3.80638,9.12239,,,
1541121271.9262516,3.80638,9.12239,,,
1541121272.0266259,3.80617,9.12239,0,0,0
1541121272.1326141,3.80617,9.12291,,,
1541121272.2446003,3.80617,9.12291,,,
1541121272.3387797,3.80594,9.12291,,,
1541121272.435335,3.80594,9.12367,,,
1541121272.527721,3.80594,9.12367,,,
1541121272.634979,3.80594,9.12367,,,
1541121272.7264745,3.80571,9.12419,,,
1541121272.8265972,3.80571,9.12419,,,
1541121272.9269776,3.80571,9.12419,,,
1541121273.048575,3.80548,9.12445,0,0,0
1541121273.136803,3.80548,9.12445,,,
1541121273.2420022,3.80548,9.12445,,,
1541121273.3270798,3.80548,9.12445,,,
1541121273.4378355,3.80518,9.12521,,,
1541121273.5526044,3.80518,9.12521,,,
1541121273.6293201,3.80518,9.12521,,,
1541121273.7290854,3.80495,9.12573,,,
1541121273.833086,3.80495,9.12573,,,
1541121273.9463158,3.80495,9.12573,,,
1541121274.0543215,3.80472,9.12573,0,0,0
1541121274.1472378,3.80472,9.12624,,,
1541121274.2288563,3.80472,9.12624,,,
1541121274.352094,3.80449,9.12624,,,
1541121274.435211,3.80449,9.12675,,,
1541121274.529218,3.80449,9.12675,,,
1541121274.6292384,3.80449,9.12675,,,
1541121274.7423422,3.80428,9.12726,,,
1541121274.8292234,3.80428,9.12726,,,
1541121274.9501915,3.80428,9.12726,,,
1541121275.0304847,3.80405,9.12726,0,0,0
1541121275.1416037,3.80405,9.12804,,,
1541121275.2322106,3.80405,9.12804,,,
1541121275.3310976,3.80405,9.12804,,,
1541121275.4310877,3.80382,9.1283,,,
1541121275.538444,3.80382,9.1283,,,
1541121275.6517763,3.80382,9.1283,,,
1541121275.7538292,3.80359,9.12854,,,
1541121275.8322337,3.80359,9.12854,,,
1541121275.9315677,3.80359,9.12854,,,
1541121276.042944,3.80336,9.12854,0,0,0
1541121276.1315773,3.80336,9.12932,,,
1541121276.2322454,3.80336,9.12932,,,
1541121276.3317137,3.80336,9.12932,,,
1541121276.4523182,3.80313,9.13008,,,
1541121276.5710537,3.80313,9.13008,,,
1541121276.635069,3.80313,9.13008,,,
1541121276.7324386,3.8029,9.13034,,,
1541121276.8491948,3.8029,9.13034,,,
1541121276.9568613,3.8029,9.13034,,,
1541121277.0341957,3.8026,9.13034,0,0,0
1541121277.1347086,3.8026,9.13086,,,
1541121277.237776,3.8026,9.13086,,,
1541121277.3568995,3.8026,9.13086,,,
1541121277.4355633,3.80238,9.13136,,,
1541121277.5351915,3.80238,9.13136,,,
1541121277.635192,3.80238,9.13136,,,
1541121277.7613559,3.80215,9.13213,,,
1541121277.841339,3.80215,9.13213,,,
1541121277.935583,3.80215,9.13213,,,
1541121278.03658,3.80193,9.13213,0,0,0
1541121278.1691747,3.80193,9.13239,,,
1541121278.2600908,3.80193,9.13239,,,
1541121278.3393867,3.80193,9.13239,,,
1541121278.436199,3.8017,9.1329,,,
1541121278.541729,3.8017,9.1329,,,
1541121278.6547146,3.8017,9.1329,,,
1541121278.7370393,3.80147,9.13367,,,
1541121278.8369107,3.80147,9.13367,,,
1541121278.9595184,3.80147,9.13367,,,
1541121279.046321,3.80124,9.13367,0,0,0
1541121279.1378212,3.80124,9.13445,,,
1541121279.2376747,3.80124,9.13445,,,
1541121279.3381236,3.80124,9.13445,,,
1541121279.457804,3.80101,9.13521,,,
1541121279.5402968,3.80101,9.13521,,,
1541121279.6382961,3.80101,9.13521,,,
1541121279.7568784,3.80078,9.13597,,,
1541121279.8484585,3.80078,9.13597,,,
1541121279.9384286,3.80078,9.13597,,,
1541121280.0384767,3.80057,9.13597,0,0,0
1541121280.1384246,3.80057,9.13649,,,
1541121280.2492223,3.80057,9.13649,,,
1541121280.362964,3.80034,9.13649,,,
1541121280.4400802,3.80034,9.13675,,,
1541121280.5541766,3.80034,9.13675,,,
1541121280.646179,3.80034,9.13675,,,
1541121280.7560651,3.80011,9.13725,,,
1541121280.8390524,3.80011,9.13725,,,
1541121280.939192,3.80011,9.13725,,,
1541121281.0388298,3.79988,9.13725,0,0,0
1541121281.1469262,3.79988,9.13803,,,
1541121281.2386825,3.79988,9.13803,,,
1541121281.354778,3.79988,9.13803,,,
1541121281.4484525,3.79965,9.13853,,,
1541121281.5622957,3.79965,9.13853,,,
1541121281.645681,3.79965,9.13853,,,
1541121281.7400749,3.79942,9.13853,,,
1541121281.8403456,3.79942,9.13879,,,
1541121281.9529169,3.79942,9.13879,,,
1541121282.0400681,3.79919,9.13879,0,0,0
1541121282.1521437,3.79919,9.13931,,,
1541121282.248403,3.79919,9.13931,,,
1541121282.3484094,3.79919,9.13931,,,
1541121282.457171,3.79897,9.14008,,,
1541121282.5409067,3.79897,9.14008,,,
1541121282.641153,3.79897,9.14008,,,
1541121282.7411635,3.79875,9.14008,,,
1541121282.8461537,3.79875,9.14059,,,
1541121282.9485528,3.79875,9.14059,,,
1541121283.05415,3.79852,9.14059,0,0,0
1541121283.1415334,3.79852,9.14136,,,
1541121283.2571769,3.79852,9.14136,,,
1541121283.3453317,3.79852,9.14136,,,
1541121283.44403,3.79829,9.14188,,,
1541121283.5421498,3.79829,9.14188,,,
1541121283.6483998,3.79829,9.14188,,,
1541121283.7686224,3.79807,9.14188,,,
1541121283.8600426,3.79807,9.14214,,,
1541121283.9437957,3.79807,9.14214,,,
1541121284.0441668,3.79807,9.14214,0,0,0
1541121284.1531823,3.79784,9.1429,,,
1541121284.2442794,3.79784,9.1429,,,
1541121284.344275,3.79784,9.1429,,,
1541121284.4446585,3.79768,9.14342,,,
1541121284.5694287,3.79768,9.14342,,,
1541121284.6735363,3.79768,9.14342,,,
1541121284.7484274,3.79745,9.14342,,,
1541121284.8462963,3.79745,9.14392,,,
1541121284.9540384,3.79745,9.14392,,,
1541121285.0628836,3.79723,9.14392,0,0,0
1541121285.1452863,3.79723,9.14418,,,
1541121285.2450402,3.79723,9.14418,,,
1541121285.3454003,3.79723,9.14418,,,
1541121285.4642498,3.79701,9.1447,,,
1541121285.545638,3.79701,9.1447,,,
1541121285.6463912,3.79701,9.1447,,,
1541121285.746273,3.79678,9.1447,,,
1541121285.8688743,3.79678,9.14546,,,
1541121285.9504035,3.79678,9.14546,0,0,0
1541121286.0469062,3.79678,9.14546,,,
1541121286.1471229,3.79655,9.14572,,,
1541121286.274247,3.79655,9.14572,,,
1541121286.3671644,3.79655,9.14572,,,
1541121286.448368,3.79633,9.14598,,,
1541121286.5480952,3.79633,9.14598,,,
1541121286.6492603,3.79633,9.14598,,,
1541121286.7553792,3.79617,9.14598,,,
1541121286.848413,3.79617,9.14674,,,
1541121286.948412,3.79617,9.14674,,,
1541121287.0719817,3.79617,9.14674,0,0,0
1541121287.1692452,3.79587,9.14726,,,
1541121287.2527668,3.79587,9.14726,,,
1541121287.3492756,3.79587,9.14726,,,
1541121287.4491494,3.79572,9.14777,,,
1541121287.5592558,3.79572,9.14777,,,
1541121287.673367,3.79572,9.14777,,,
1541121287.7511563,3.79549,9.14777,,,
1541121287.8733597,3.79549,9.14828,,,
1541121287.9545014,3.79549,9.14828,0,0,0
1541121288.0668495,3.79527,9.14828,,,
1541121288.1500237,3.79527,9.14854,,,
1541121288.2487555,3.79527,9.14854,,,
1541121288.3493803,3.79527,9.14854,,,
1541121288.4566407,3.79504,9.14931,,,
1541121288.5545764,3.79504,9.14931,,,
1541121288.672975,3.79504,9.14931,,,
1541121288.7524073,3.79482,9.14931,,,
1541121288.8685224,3.79482,9.14983,,,
1541121288.9524121,3.79482,9.14983,0,0,0
1541121289.0523665,3.79482,9.14983,,,
1541121289.1529052,3.79459,9.15007,,,
1541121289.2590203,3.79459,9.15007,,,
1541121289.3702545,3.79459,9.15007,,,
1541121289.475828,3.79443,9.15059,,,
1541121289.5597482,3.79443,9.15059,,,
1541121289.6560383,3.79443,9.15059,,,
1541121289.7628415,3.7942,9.15059,,,
1541121289.8569162,3.7942,9.15135,,,
1541121289.9569244,3.7942,9.15135,,,
1541121290.0585418,3.7942,9.15135,0,0,0
1541121290.1583557,3.79398,9.15187,,,
1541121290.2969167,3.79398,9.15187,,,
1541121290.3604572,3.79398,9.15187,,,
1541121290.4581618,3.79375,9.15289,,,
1541121290.5720415,3.79375,9.15289,,,
1541121290.6804454,3.79375,9.15289,,,
1541121290.759185,3.79352,9.15289,,,
1541121290.8584929,3.79352,9.15341,,,
1541121290.966873,3.79352,9.15341,,,
1541121291.0805585,3.79352,9.15341,0,0,0
1541121291.164696,3.7933,9.15392,,,
1541121291.2591667,3.7933,9.15392,,,
1541121291.3602166,3.7933,9.15392,,,
1541121291.468537,3.79308,9.15417,,,
1541121291.5605311,3.79308,9.15417,,,
1541121291.6595497,3.79308,9.15417,,,
1541121291.7600603,3.79285,9.15417,,,
1541121291.887192,3.79285,9.15469,,,
1541121291.9696634,3.79285,9.15469,0,0,0
1541121292.060739,3.79285,9.15469,,,
1541121292.1621518,3.79262,9.15546,,,
1541121292.2806919,3.79262,9.15546,,,
1541121292.365243,3.79262,9.15546,,,
1541121292.4615455,3.79239,9.15598,,,
1541121292.56259,3.79239,9.15598,,,
1541121292.6968234,3.79239,9.15598,,,
1541121292.776022,3.79224,9.15598,,,
1541121292.8638258,3.79224,9.15622,,,
1541121292.9609504,3.79224,9.15622,,,
1541121293.0613883,3.79224,9.15622,0,0,0
1541121293.1685946,3.79201,9.15648,,,
1541121293.2604504,3.79201,9.15648,,,
1541121293.3604999,3.79201,9.15648,,,
1541121293.4708383,3.79178,9.15648,,,
1541121293.5788057,3.79178,9.15726,,,
1541121293.6649928,3.79178,9.15726,,,
1541121293.7629306,3.79156,9.15726,,,
1541121293.8625743,3.79156,9.15802,,,
1541121293.9681764,3.79156,9.15802,,,
1541121294.0623953,3.79156,9.15802,0,0,0
1541121294.162662,3.79134,9.15878,,,
1541121294.2684999,3.79134,9.15878,,,
1541121294.4079847,3.79134,9.15878,,,
1541121294.49385,3.79111,9.15878,,,
1541121294.5653377,3.79111,9.15904,,,
1541121294.6619866,3.79111,9.15904,,,
1541121294.7764735,3.79095,9.15904,,,
1541121294.8630848,3.79095,9.1593,,,
1541121294.9619875,3.79095,9.1593,,,
1541121295.0623674,3.79095,9.1593,0,0,0
1541121295.1735885,3.79073,9.16006,,,
1541121295.2783754,3.79073,9.16006,,,
1541121295.3623242,3.79073,9.16006,,,
1541121295.462462,3.7905,9.16006,,,
1541121295.564942,3.7905,9.16058,,,
1541121295.6728568,3.7905,9.16058,,,
1541121295.7638197,3.7905,9.16058,,,
1541121295.8630776,3.79027,9.1611,,,
1541121295.9631057,3.79027,9.1611,,,
1541121296.1060746,3.79027,9.1611,0,0,0
1541121296.196196,3.79004,9.16135,,,
1541121296.267112,3.79004,9.16135,,,
1541121296.3645663,3.79004,9.16135,,,
1541121296.479357,3.78989,9.16187,,,
1541121296.5649683,3.78989,9.16187,,,
1541121296.665083,3.78989,9.16187,,,
1541121296.7650878,3.78989,9.16187,,,
1541121296.876208,3.78967,9.16238,,,
1541121296.9901547,3.78967,9.16238,0,0,0
1541121297.0680852,3.78967,9.16238,,,
1541121297.165734,3.78944,9.16315,,,
1541121297.2693357,3.78944,9.16315,,,
1541121297.3837376,3.78944,9.16315,,,
1541121297.4663472,3.78922,9.16315,,,
1541121297.5666063,3.78922,9.16341,,,
1541121297.6663177,3.78922,9.16341,,,
1541121297.7890513,3.78899,9.16341,,,
1541121297.8681936,3.78899,9.16367,,,
1541121297.9673483,3.78899,9.16367,0,0,0
1541121298.0661085,3.78899,9.16367,,,
1541121298.1861942,3.78876,9.16443,,,
1541121298.2663424,3.78876,9.16443,,,
1541121298.3662126,3.78876,9.16443,,,
1541121298.466217,3.78853,9.16443,,,
1541121298.5943055,3.78853,9.16495,,,
1541121298.686301,3.78853,9.16495,,,
1541121298.7733252,3.78853,9.16495,,,
1541121298.8681815,3.78838,9.16519,,,
1541121298.9694722,3.78838,9.16519,0,0,0
1541121299.076437,3.78838,9.16519,,,
1541121299.1683047,3.78815,9.16571,,,
1541121299.268552,3.78815,9.16571,,,
1541121299.391191,3.78815,9.16571,,,
1541121299.4894578,3.78793,9.16571,,,
1541121299.5720944,3.78793,9.16623,,,
1541121299.6692164,3.78793,9.16623,,,
1541121299.7693124,3.78793,9.16623,,,
1541121299.879433,3.7877,9.16699,,,
1541121299.992704,3.7877,9.16699,0,0,0
1541121300.0703192,3.7877,9.16699,,,
1541121300.1917734,3.78748,9.16776,,,
1541121300.27443,3.78748,9.16776,,,
1541121300.3866653,3.78748,9.16776,,,
1541121300.4690762,3.78725,9.16776,,,
1541121300.5704505,3.78725,9.16827,,,
1541121300.6694398,3.78725,9.16827,,,
1541121300.7780778,3.78725,9.16827,,,
1541121300.8722017,3.78702,9.16904,,,
1541121300.9889266,3.78702,9.16904,0,0,0
1541121301.0743515,3.78702,9.16904,,,
1541121301.195461,3.78679,9.1693,,,
1541121301.277858,3.78679,9.1693,,,
1541121301.3767118,3.78679,9.1693,,,
1541121301.4771032,3.78664,9.1693,,,
1541121301.5868459,3.78664,9.16982,,,
1541121301.6935418,3.78664,9.16982,,,
1541121301.795215,3.78664,9.16982,,,
1541121301.8873577,3.78641,9.17032,,,
1541121301.9787335,3.78641,9.17032,0,0,0
1541121302.0852194,3.78641,9.17032,,,
1541121302.1790774,3.78619,9.1711,,,
1541121302.2788672,3.78619,9.1711,,,
1541121302.3788393,3.78619,9.1711,,,
1541121302.4967384,3.78596,9.1711,,,
1541121302.6119945,3.78596,9.17136,,,
1541121302.6900952,3.78596,9.17136,,,
1541121302.780291,3.78596,9.17136,,,
1541121302.8904526,3.78581,9.17186,,,
1541121302.9795387,3.78581,9.17186,0,0,0
1541121303.0805814,3.78581,9.17186,,,
1541121303.1812017,3.78558,9.17238,,,
1541121303.2849607,3.78558,9.17238,,,
1541121303.4065764,3.78558,9.17238,,,
1541121303.5030704,3.78535,9.17238,,,
1541121303.583861,3.78535,9.17288,,,
1541121303.683597,3.78535,9.17288,,,
1541121303.795955,3.78535,9.17288,,,
1541121303.8850594,3.78513,9.17366,,,
1541121303.9838588,3.78513,9.17366,0,0,0
1541121304.0840628,3.78513,9.17366,,,
1541121304.2173104,3.7849,9.17416,,,
1541121304.3131852,3.7849,9.17416,,,
1541121304.3880866,3.7849,9.17416,,,
1541121304.4847014,3.78467,9.17416,,,
1541121304.5977376,3.78467,9.17468,,,
1541121304.7082384,3.78467,9.17468,,,
1541121304.7878306,3.78467,9.17468,,,
1541121304.8849318,3.78452,9.17494,,,
1541121304.9952352,3.78452,9.17494,0,0,0
1541121305.1041477,3.78452,9.17494,,,
1541121305.1853063,3.7843,9.17494,,,
1541121305.2863672,3.7843,9.17545,,,
1541121305.3861632,3.7843,9.17545,,,
1541121305.4941905,3.78407,9.17545,,,
1541121305.586463,3.78407,9.17622,,,
1541121305.6868336,3.78407,9.17622,,,
1541121305.7864466,3.78407,9.17622,,,
1541121305.9090505,3.78384,9.17648,,,
1541121305.9937608,3.78384,9.17648,0,0,0
1541121306.0869377,3.78384,9.17648,,,
1541121306.1876967,3.78362,9.17648,,,
1541121306.3019795,3.78362,9.17673,,,
1541121306.3881607,3.78362,9.17673,,,
1541121306.488187,3.78339,9.17673,,,
1541121306.588294,3.78339,9.17751,,,
1541121306.7143178,3.78339,9.17751,,,
1541121306.808183,3.78339,9.17751,,,
1541121306.88842,3.78323,9.17801,,,
1541121306.9885519,3.78323,9.17801,0,0,0
1541121307.0911937,3.78323,9.17801,,,
1541121307.1978524,3.783,9.17801,,,
1541121307.2884743,3.783,9.17853,,,
1541121307.3886662,3.783,9.17853,,,
1541121307.514831,3.78278,9.17853,,,
1541121307.6113772,3.78278,9.17879,,,
1541121307.693668,3.78278,9.17879,,,
1541121307.789457,3.78278,9.17879,,,
1541121307.8894334,3.78256,9.17929,,,
1541121308.0016127,3.78256,9.17929,0,0,0
1541121308.089692,3.78256,9.17929,,,
1541121308.190346,3.78233,9.17929,,,
1541121308.3162074,3.78233,9.17981,,,
1541121308.3963861,3.78233,9.17981,,,
1541121308.5071573,3.78218,9.17981,,,
1541121308.5902941,3.78218,9.18057,,,
1541121308.6917477,3.78218,9.18057,,,
1541121308.795756,3.78218,9.18057,,,
1541121308.8992672,3.78195,9.18083,,,
1541121308.9896336,3.78195,9.18083,0,0,0
1541121309.123481,3.78195,9.18083,,,
1541121309.1908944,3.78172,9.18083,,,
1541121309.2930727,3.78172,9.18109,,,
1541121309.390385,3.78172,9.18109,,,
1541121309.489497,3.78172,9.18109,,,
1541121309.592967,3.78149,9.18185,,,
1541121309.7062287,3.78149,9.18185,,,
1541121309.7898777,3.78149,9.18185,,,
1541121309.912481,3.78127,9.18263,,,
1541121309.9981043,3.78127,9.18263,0,0,0
1541121310.1031082,3.78127,9.18263,,,
1541121310.2139611,3.78104,9.18263,,,
1541121310.2978995,3.78104,9.1834,,,
1541121310.3960702,3.78104,9.1834,,,
1541121310.498834,3.78104,9.1834,,,
1541121310.604523,3.78088,9.18416,,,
1541121310.7454276,3.78088,9.18416,,,
1541121310.8041463,3.78088,9.18416,,,
1541121310.8975158,3.78067,9.18468,,,
1541121311.0164363,3.78067,9.18468,0,0,0
1541121311.0984669,3.78067,9.18468,,,
1541121311.1993966,3.78044,9.18468,,,
1541121311.2996893,3.78044,9.18494,,,
1541121311.4085016,3.78044,9.18494,,,
1541121311.5151608,3.78021,9.18494,,,
1541121311.6001694,3.78021,9.1852,,,
1541121311.7000608,3.78021,9.1852,,,
1541121311.8037648,3.78021,9.1852,,,
1541121311.908896,3.77998,9.18596,,,
1541121311.9993749,3.77998,9.18596,0,0,0
1541121312.098648,3.77998,9.18596,,,
1541121312.214819,3.77975,9.18596,,,
1541121312.3211079,3.77975,9.18672,,,
1541121312.4039621,3.77975,9.18672,,,
1541121312.5004923,3.77975,9.18672,,,
1541121312.601108,3.77953,9.18724,,,
1541121312.7110753,3.77953,9.18724,,,
1541121312.8256867,3.77953,9.18724,,,
1541121312.904097,3.77937,9.18776,,,
1541121313.0157192,3.77937,9.18776,0,0,0
1541121313.1084697,3.77937,9.18776,,,
1541121313.2189565,3.77914,9.18776,,,
1541121313.3019888,3.77914,9.188,,,
1541121313.4015749,3.77914,9.188,,,
1541121313.5014598,3.77914,9.188,,,
1541121313.6085732,3.77893,9.18852,,,
1541121313.7016985,3.77893,9.18852,,,
1541121313.8134682,3.77893,9.18852,,,
1541121313.915978,3.7787,9.18929,,,
1541121314.0262296,3.7787,9.18929,0,0,0
1541121314.1084642,3.7787,9.18929,,,
1541121314.203453,3.77847,9.18929,,,
1541121314.3037148,3.77847,9.1898,,,
1541121314.417,3.77847,9.1898,,,
1541121314.5043364,3.77847,9.1898,,,
1541121314.6067898,3.77832,9.19006,,,
1541121314.7269268,3.77832,9.19006,,,
1541121314.8188531,3.77832,9.19006,,,
1541121314.9225843,3.77809,9.19057,,,
1541121315.0039575,3.77809,9.19057,0,0,0
1541121315.1040823,3.77809,9.19057,,,
1541121315.2064497,3.77786,9.19057,,,
1541121315.3142037,3.77786,9.19109,,,
1541121315.4068322,3.77786,9.19109,,,
1541121315.5042014,3.77786,9.19109,,,
1541121315.6288953,3.77763,9.1916,,,
1541121315.7256007,3.77763,9.1916,,,
1541121315.8067005,3.77763,9.1916,,,
1541121315.906824,3.7774,9.19211,,,
1541121316.0770705,3.7774,9.19211,,,
1541121316.233683,3.73354,9.19211,,,
1541121316.3864439,3.73354,11.5154,,,
1541121316.5561714,3.71771,11.5154,,,
1541121316.7233176,3.71771,12.0298,,,
1541121316.8873236,3.71559,12.0298,,,
1541121317.040168,3.71559,12.0367,,,
1541121317.1872091,3.71559,12.0367,,,
1541121317.335053,3.714,12.0413,,,
1541121317.505069,3.714,12.0413,,,
1541121317.5943296,3.71257,11.9785,0,0,0
1541121317.6969314,3.71257,11.9785,0,0,0
1541121317.8056843,3.71257,11.9785,,,
1541121317.8882906,3.76689,11.9785,,,
1541121317.9882953,3.76689,9.21416,0,0,0
1541121318.0883458,3.76689,9.21416,,,
1541121318.1936932,3.76689,9.21416,,,
1541121318.3067405,3.76999,9.21005,,,
1541121318.3918204,3.76999,9.21005,,,
1541121318.4890563,3.76999,9.21005,,,
1541121318.6067753,3.77068,9.20851,,,
1541121318.6891866,3.77068,9.20851,,,
1541121318.7893102,3.77068,9.20851,,,
1541121318.889556,3.77106,9.20851,,,
1541121318.9988182,3.77106,9.20801,0,0,0
1541121319.1192658,3.77106,9.20801,,,
1541121319.1992593,3.77106,9.20801,,,
1541121319.290404,3.77129,9.20749,,,
1541121319.3919709,3.77129,9.20749,,,
1541121319.4990945,3.77129,9.20749,,,
1541121319.591549,3.77136,9.20697,,,
1541121319.6919937,3.77136,9.20697,,,
1541121319.7915323,3.77136,9.20697,,,
1541121319.908916,3.77144,9.20697,,,
1541121320.000661,3.77144,9.20673,0,0,0
1541121320.0925379,3.77144,9.20673,,,
1541121320.1923835,3.77144,9.20673,,,
1541121320.3061883,3.77144,9.20673,,,
1541121320.4162483,3.77144,9.20673,,,
1541121320.494855,3.77144,9.20673,,,
1541121320.5928433,3.77136,9.20673,,,
1541121320.7146957,3.77136,9.20697,,,
1541121320.8032186,3.77136,9.20697,,,
1541121320.8936465,3.77136,9.20697,,,
1541121320.9931202,3.77136,9.20723,0,0,0
1541121321.0932367,3.77136,9.20723,,,
1541121321.21636,3.77136,9.20723,,,
1541121321.2993994,3.77121,9.20749,,,
1541121321.393651,3.77121,9.20749,,,
1541121321.5116227,3.77121,9.20749,,,
1541121321.6144984,3.77113,9.20775,,,
1541121321.6967921,3.77113,9.20775,,,
1541121321.7931774,3.77113,9.20775,,,
1541121321.8945365,3.77106,9.20775,,,
1541121322.0015564,3.77106,9.20801,0,0,0
1541121322.112929,3.77106,9.20801,,,
1541121322.1959057,3.77106,9.20801,,,
1541121322.299981,3.7709,9.20825,,,
1541121322.4084153,3.7709,9.20825,,,
1541121322.5040407,3.7709,9.20825,,,
1541121322.5955226,3.77083,9.20825,,,
1541121322.6966617,3.77083,9.20851,,,
1541121322.7966676,3.77083,9.20851,,,
1541121322.9177585,3.77068,9.20851,,,
1541121322.9987888,3.77068,9.20851,0,0,0
1541121323.101612,3.77068,9.20851,,,
1541121323.214018,3.77068,9.20851,,,
1541121323.3066669,3.77052,9.20903,,,
1541121323.413378,3.77052,9.20903,,,
1541121323.496398,3.77052,9.20903,,,
1541121323.5972872,3.77037,9.20903,,,
1541121323.6980758,3.77037,9.20929,,,
1541121323.8058765,3.77037,9.20929,,,
1541121323.896771,3.77037,9.20929,,,
1541121324.0162401,3.77022,9.20979,0,0,0
1541121324.0980344,3.77022,9.20979,,,
1541121324.198985,3.77022,9.20979,,,
1541121324.29804,3.77007,9.21031,,,
1541121324.398548,3.77007,9.21031,,,
1541121324.4984243,3.77007,9.21031,,,
1541121324.611926,3.76991,9.21057,,,
1541121324.6978693,3.76991,9.21057,,,
1541121324.8210058,3.76991,9.21057,,,
1541121324.8992903,3.76991,9.21057,,,
1541121325.0119233,3.76978,9.21057,0,0,0
1541121325.1230087,3.76978,9.21057,,,
1541121325.2002883,3.76978,9.21057,,,
1541121325.2993813,3.76962,9.21107,,,
1541121325.407022,3.76962,9.21107,,,
1541121325.516875,3.76962,9.21107,,,
1541121325.6233826,3.76939,9.21107,,,
1541121325.7010226,3.76939,9.21159,,,
1541121325.800762,3.76939,9.21159,,,
1541121325.906031,3.76939,9.21159,,,
1541121325.999271,3.76924,9.2121,0,0,0
1541121326.099896,3.76924,9.2121,,,
1541121326.1998868,3.76924,9.2121,,,
1541121326.3201487,3.76909,9.21236,,,
1541121326.4400537,3.76909,9.21236,,,
1541121326.5039828,3.76909,9.21236,,,
1541121326.6011477,3.76886,9.21236,,,
1541121326.7171247,3.76886,9.21262,,,
1541121326.802372,3.76886,9.21262,,,
1541121326.9015431,3.76886,9.21262,,,
1541121327.0014062,3.76871,9.21313,0,0,0
1541121327.1114101,3.76871,9.21313,,,
1541121327.2268693,3.76871,9.21313,,,
1541121327.3056364,3.76848,9.21364,,,
1541121327.4019954,3.76848,9.21364,,,
1541121327.503119,3.76848,9.21364,,,
1541121327.6102486,3.76833,9.21364,,,
1541121327.7022378,3.76833,9.21416,,,
1541121327.8024035,3.76833,9.21416,,,
1541121327.9034617,3.76833,9.21416,,,
1541121328.0468187,3.76817,9.21492,0,0,0
1541121328.108771,3.76817,9.21492,,,
1541121328.2033803,3.76817,9.21492,,,
1541121328.3032131,3.76796,9.21544,,,
1541121328.4173725,3.76796,9.21544,,,
1541121328.5273626,3.76796,9.21544,,,
1541121328.6068797,3.76773,9.21544,,,
1541121328.7050202,3.76773,9.2162,,,
1541121328.8268406,3.76773,9.2162,,,
1541121328.915355,3.76773,9.2162,,,
1541121329.005126,3.76758,9.21646,0,0,0
1541121329.1061404,3.76758,9.21646,,,
1541121329.2072484,3.76758,9.21646,,,
1541121329.3271394,3.76735,9.21672,,,
1541121329.408516,3.76735,9.21672,,,
1541121329.5068676,3.76735,9.21672,,,
1541121329.6218,3.7672,9.21672,,,
1541121329.7187555,3.7672,9.21722,,,
1541121329.829238,3.7672,9.21722,,,
1541121329.9081097,3.7672,9.21722,,,
1541121330.007258,3.76697,9.21774,0,0,0
1541121330.1111228,3.76697,9.21774,,,
1541121330.2236352,3.76697,9.21774,,,
1541121330.3072453,3.76682,9.21851,,,
1541121330.4219587,3.76682,9.21851,,,
1541121330.5153577,3.76682,9.21851,,,
1541121330.6155994,3.76659,9.21851,,,
1541121330.7081017,3.76659,9.21902,,,
1541121330.808243,3.76659,9.21902,,,
1541121330.908038,3.76659,9.21902,,,
1541121331.0098572,3.76636,9.21954,0,0,0
1541121331.1083913,3.76636,9.21954,,,
1541121331.2180138,3.76636,9.21954,,,
1541121331.31621,3.76622,9.21954,,,
1541121331.4211092,3.76622,9.21979,,,
1541121331.5330782,3.76622,9.21979,,,
1541121331.6100998,3.76599,9.21979,,,
1541121331.708969,3.76599,9.22005,,,
1541121331.8111117,3.76599,9.22005,,,
1541121331.9267118,3.76599,9.22005,,,
1541121332.0134342,3.76576,9.22083,0,0,0
1541121332.122458,3.76576,9.22083,,,
1541121332.2098513,3.76576,9.22083,,,
1541121332.316364,3.76561,9.22083,,,
1541121332.4108748,3.76561,9.22133,,,
1541121332.509851,3.76561,9.22133,,,
1541121332.6090887,3.76538,9.22133,,,
1541121332.7270963,3.76538,9.22185,,,
1541121332.8127913,3.76538,9.22185,,,
1541121332.9335532,3.76538,9.22185,,,
1541121333.028191,3.76515,9.22211,0,0,0
1541121333.1210759,3.76515,9.22211,,,
1541121333.2100947,3.76515,9.22211,,,
1541121333.3103597,3.765,9.22211,,,
1541121333.4099884,3.765,9.22261,,,
1541121333.5185714,3.765,9.22261,,,
1541121333.628715,3.76477,9.22261,,,
1541121333.712447,3.76477,9.22313,,,
1541121333.8344119,3.76477,9.22313,,,
1541121333.9338195,3.76477,9.22313,,,
1541121334.022076,3.76454,9.22363,0,0,0
1541121334.1130934,3.76454,9.22363,,,
1541121334.2118516,3.76454,9.22363,,,
1541121334.3129632,3.76433,9.22363,,,
1541121334.4160576,3.76433,9.22389,,,
1541121334.5134528,3.76433,9.22389,,,
1541121334.6135592,3.76433,9.22389,,,
1541121334.734322,3.76418,9.22441,,,
1541121334.8281176,3.76418,9.22441,,,
1541121334.914563,3.76418,9.22441,,,
1541121335.0131755,3.76395,9.22517,0,0,0
1541121335.1143188,3.76395,9.22517,,,
1541121335.2223017,3.76395,9.22517,,,
1541121335.3322074,3.76372,9.22517,,,
1541121335.4139497,3.76372,9.22543,,,
1541121335.5387876,3.76372,9.22543,,,
1541121335.6171696,3.76372,9.22543,,,
1541121335.72017,3.76349,9.22595,,,
1541121335.8154418,3.76349,9.22595,,,
1541121335.9158103,3.76349,9.22595,,,
1541121336.0155659,3.76326,9.2262,0,0,0
1541121336.1370754,3.76326,9.2262,,,
1541121336.2183554,3.76326,9.2262,,,
1541121336.3395581,3.76311,9.2262,,,
1541121336.4180562,3.76311,9.22672,,,
1541121336.5281503,3.76311,9.22672,,,
1541121336.6163213,3.76311,9.22672,,,
1541121336.7170508,3.76288,9.22748,,,
1541121336.8169127,3.76288,9.22748,,,
1541121336.9211886,3.76288,9.22748,,,
1541121337.0348184,3.76265,9.22826,0,0,0
1541121337.142218,3.76265,9.22826,,,
1541121337.2207825,3.76265,9.22826,,,
1541121337.3210273,3.76244,9.22826,,,
1541121337.426909,3.76244,9.22876,,,
1541121337.5230443,3.76244,9.22876,,,
1541121337.6231875,3.76244,9.22876,,,
1541121337.7248034,3.76221,9.22902,,,
1541121337.8378277,3.76221,9.22902,,,
1541121337.9564178,3.76221,9.22902,,,
1541121338.025299,3.76198,9.22954,0,0,0
1541121338.1241763,3.76198,9.22954,,,
1541121338.2318296,3.76198,9.22954,,,
1541121338.3418293,3.76175,9.22954,,,
1541121338.4230607,3.76175,9.2303,,,
1541121338.5245526,3.76175,9.2303,,,
1541121338.624313,3.76175,9.2303,,,
1541121338.7472594,3.7616,9.23106,,,
1541121338.828924,3.7616,9.23106,,,
1541121338.9291394,3.7616,9.23106,,,
1541121339.0292811,3.76137,9.23158,0,0,0
1541121339.1455476,3.76137,9.23158,,,
1541121339.2284603,3.76137,9.23158,,,
1541121339.3260498,3.76114,9.23158,,,
1541121339.4262836,3.76114,9.23235,,,
1541121339.557955,3.76114,9.23235,,,
1541121339.6508317,3.76091,9.23235,,,
1541121339.7282164,3.76091,9.23286,,,
1541121339.8260536,3.76091,9.23286,,,
1541121339.9319181,3.76091,9.23286,,,
1541121340.0447915,3.7607,9.23312,0,0,0
1541121340.127779,3.7607,9.23312,,,
1541121340.2272854,3.7607,9.23312,,,
1541121340.342285,3.76047,9.23312,,,
1541121340.4360454,3.76047,9.23363,,,
1541121340.5267754,3.76047,9.23363,,,
1541121340.6281178,3.76047,9.23363,,,
1541121340.7281146,3.76024,9.23441,,,
1541121340.8322935,3.76024,9.23441,,,
1541121340.9286747,3.76024,9.23441,,,
1541121341.0286777,3.76001,9.23491,0,0,0
1541121341.1401596,3.76001,9.23491,,,
1541121341.2472968,3.76001,9.23491,,,
1541121341.350285,3.75978,9.23491,,,
1541121341.4295516,3.75978,9.23517,,,
1541121341.529661,3.75978,9.23517,,,
1541121341.6320376,3.75978,9.23517,,,
1541121341.746656,3.75955,9.23569,,,
1541121341.829673,3.75955,9.23569,,,
1541121341.933748,3.75955,9.23569,,,
1541121342.0432816,3.75932,9.23645,0,0,0
1541121342.1355522,3.75932,9.23645,,,
1541121342.2292948,3.75932,9.23645,,,
1541121342.3296714,3.75909,9.23645,,,
1541121342.4300456,3.75909,9.23697,,,
1541121342.5518963,3.75909,9.23697,,,
1541121342.6357782,3.75909,9.23697,,,
1541121342.7329834,3.75888,9.23723,,,
1541121342.8467815,3.75888,9.23723,,,
1541121342.9428966,3.75888,9.23723,,,
1541121343.0309253,3.75865,9.23723,0,0,0
1541121343.1302807,3.75865,9.23773,,,
1541121343.2307808,3.75865,9.23773,,,
1541121343.3383994,3.75842,9.23773,,,
1541121343.447029,3.75842,9.23851,,,
1541121343.5312402,3.75842,9.23851,,,
1541121343.6518981,3.75842,9.23851,,,
1541121343.7317612,3.75819,9.23927,,,
1541121343.84064,3.75819,9.23927,,,
1541121343.9318402,3.75819,9.23927,,,
1541121344.0317683,3.75797,9.23927,0,0,0
1541121344.1321142,3.75797,9.24004,,,
1541121344.2521195,3.75797,9.24004,,,
1541121344.3356326,3.75774,9.24004,,,
1541121344.4538693,3.75774,9.2403,,,
1541121344.53277,3.75774,9.2403,,,
1541121344.6486502,3.75774,9.2403,,,
1541121344.7336605,3.75751,9.24055,,,
1541121344.834001,3.75751,9.24055,,,
1541121344.9339828,3.75751,9.24055,,,
1541121345.0437548,3.75735,9.24132,0,0,0
1541121345.1508746,3.75735,9.24132,,,
1541121345.25906,3.75735,9.24132,,,
1541121345.3382187,3.75706,9.24132,,,
1541121345.4348686,3.75706,9.24184,,,
1541121345.5421166,3.75706,9.24184,,,
1541121345.636013,3.75706,9.24184,,,
1541121345.733848,3.75684,9.24236,,,
1541121345.8345063,3.75684,9.24236,,,
1541121345.958229,3.75684,9.24236,,,
1541121346.0741212,3.75661,9.24236,0,0,0
1541121346.1493986,3.75661,9.24286,,,
1541121346.2437778,3.75661,9.24286,,,
1541121346.347102,3.75638,9.24286,,,
1541121346.4607244,3.75638,9.24338,,,
1541121346.5434868,3.75638,9.24338,,,
1541121346.6456747,3.75638,9.24338,,,
1541121346.7453585,3.75615,9.24414,,,
1541121346.8731482,3.75615,9.24414,,,
1541121346.9558976,3.75615,9.24414,0,0,0
1541121347.0473142,3.75592,9.24414,,,
1541121347.146835,3.75592,9.24492,,,
1541121347.2651684,3.75592,9.24492,,,
1541121347.37091,3.75577,9.24492,,,
1541121347.4493146,3.75577,9.24516,,,
1541121347.5476835,3.75577,9.24516,,,
1541121347.676043,3.75577,9.24516,,,
1541121347.7665806,3.75546,9.24568,,,
1541121347.8482902,3.75546,9.24568,,,
1541121347.947886,3.75546,9.24568,,,
1541121348.049042,3.75525,9.24568,0,0,0
1541121348.1560807,3.75525,9.2462,,,
1541121348.2481816,3.75525,9.2462,,,
1541121348.3492854,3.75525,9.2462,,,
1541121348.473408,3.75502,9.24696,,,
1541121348.5517337,3.75502,9.24696,,,
1541121348.648381,3.75502,9.24696,,,
1541121348.7496283,3.75479,9.24773,,,
1541121348.8488226,3.75479,9.24773,,,
1541121348.964934,3.75479,9.24773,,,
1541121349.0715356,3.75456,9.24773,0,0,0
1541121349.151396,3.75456,9.2485,,,
1541121349.27178,3.75456,9.2485,,,
1541121349.3550038,3.75456,9.2485,,,
1541121349.465774,3.75433,9.24927,,,
1541121349.5516334,3.75433,9.24927,,,
1541121349.6538484,3.75433,9.24927,,,
1541121349.750076,3.7541,9.24953,,,
1541121349.8573685,3.7541,9.24953,,,
1541121349.9511836,3.7541,9.24953,,,
1541121350.069685,3.75388,9.24953,0,0,0
1541121350.1581702,3.75388,9.25005,,,
1541121350.2528965,3.75388,9.25005,,,
1541121350.356264,3.75388,9.25005,,,
1541121350.451809,3.75365,9.25081,,,
1541121350.5525353,3.75365,9.25081,,,
1541121350.664172,3.75365,9.25081,,,
1541121350.7744312,3.75343,9.25133,,,
1541121350.8718836,3.75343,9.25133,,,
1541121350.9622478,3.75343,9.25133,0,0,0
1541121351.059747,3.7532,9.25133,,,
1541121351.1701248,3.7532,9.25157,,,
1541121351.252898,3.7532,9.25157,,,
1541121351.353287,3.7532,9.25157,,,
1541121351.4540453,3.75298,9.25209,,,
1541121351.5619736,3.75298,9.25209,,,
1541121351.6612537,3.75298,9.25209,,,
1541121351.764898,3.75267,9.25285,,,
1541121351.8535497,3.75267,9.25285,,,
1541121351.9581575,3.75267,9.25285,,,
1541121352.055057,3.75244,9.25285,0,0,0
1541121352.153877,3.75244,9.25337,,,
1541121352.2549717,3.75244,9.25337,,,
1541121352.3711617,3.75221,9.25337,,,
1541121352.4912322,3.75221,9.25363,,,
1541121352.5746748,3.75221,9.25363,,,
1541121352.6547983,3.75221,9.25363,,,
1541121352.7589402,3.75198,9.25439,,,
1541121352.865562,3.75198,9.25439,,,
1541121352.9555597,3.75198,9.25439,,,
1541121353.0553093,3.75175,9.25439,0,0,0
1541121353.1549277,3.75175,9.25516,,,
1541121353.263103,3.75175,9.25516,,,
1541121353.3555596,3.75175,9.25516,,,
1541121353.4544115,3.75154,9.25568,,,
1541121353.5556695,3.75154,9.25568,,,
1541121353.6787899,3.75154,9.25568,,,
1541121353.7602003,3.75124,9.25644,,,
1541121353.8582406,3.75124,9.25644,,,
1541121353.959314,3.75124,9.25644,,,
1541121354.0800533,3.75101,9.25644,0,0,0
1541121354.17692,3.75101,9.2567,,,
1541121354.2593012,3.75101,9.2567,,,
1541121354.3603165,3.75101,9.2567,,,
1541121354.4598095,3.75078,9.25722,,,
1541121354.5661712,3.75078,9.25722,,,
1541121354.6632154,3.75078,9.25722,,,
1541121354.765307,3.75055,9.25798,,,
1541121354.8810904,3.75055,9.25798,,,
1541121354.9797165,3.75055,9.25798,0,0,0
1541121355.0618086,3.75032,9.25798,,,
1541121355.1610422,3.75032,9.2585,,,
1541121355.2608907,3.75032,9.2585,,,
1541121355.3685756,3.75032,9.2585,,,
1541121355.4779708,3.75009,9.259,,,
1541121355.5612886,3.75009,9.259,,,
1541121355.6836944,3.75009,9.259,,,
1541121355.7624428,3.74988,9.25952,,,
1541121355.8668098,3.74988,9.25952,,,
1541121355.9633312,3.74988,9.25952,0,0,0
1541121356.063204,3.74957,9.25952,,,
1541121356.1618006,3.74957,9.26028,,,
1541121356.279158,3.74957,9.26028,,,
1541121356.363431,3.74957,9.26028,,,
1541121356.4856594,3.74934,9.26106,,,
1541121356.5654168,3.74934,9.26106,,,
1541121356.6689026,3.74934,9.26106,,,
1541121356.7791722,3.74911,9.26183,,,
1541121356.8641694,3.74911,9.26183,,,
1541121356.9646635,3.74911,9.26183,,,
1541121357.0646577,3.74889,9.26183,0,0,0
1541121357.173139,3.74889,9.2626,,,
1541121357.2866168,3.74889,9.2626,,,
1541121357.3660033,3.74889,9.2626,,,
1541121357.464763,3.74866,9.26311,,,
1541121357.5830297,3.74866,9.26311,,,
1541121357.6664097,3.74866,9.26311,,,
1541121357.7651365,3.74843,9.26311,,,
1541121357.8651488,3.74843,9.26337,,,
1541121357.9746811,3.74843,9.26337,,,
1541121358.0891018,3.74812,9.26337,0,0,0
1541121358.1680584,3.74812,9.26413,,,
1541121358.2663884,3.74812,9.26413,,,
1541121358.368648,3.74812,9.26413,,,
1541121358.4753954,3.74791,9.26491,,,
1541121358.5667634,3.74791,9.26491,,,
1541121358.6670144,3.74791,9.26491,,,
1541121358.7670224,3.74768,9.26491,,,
1541121358.9083714,3.74768,9.26567,,,
1541121358.969909,3.74768,9.26567,0,0,0
1541121359.066525,3.74768,9.26567,,,
1541121359.1675825,3.74745,9.26593,,,
1541121359.2785213,3.74745,9.26593,,,
1541121359.3675878,3.74745,9.26593,,,
1541121359.467775,3.74722,9.26645,,,
1541121359.5679572,3.74722,9.26645,,,
1541121359.6924996,3.74722,9.26645,,,
1541121359.7812543,3.74692,9.26645,,,
1541121359.8757565,3.74692,9.26721,,,
1541121359.9680598,3.74692,9.26721,0,0,0
1541121360.0683668,3.74692,9.26721,,,
1541121360.1766632,3.74669,9.26773,,,
1541121360.269024,3.74669,9.26773,,,
1541121360.3688755,3.74669,9.26773,,,
1541121360.486234,3.74646,9.26797,,,
1541121360.5782251,3.74646,9.26797,,,
1541121360.6687782,3.74646,9.26797,,,
1541121360.7699232,3.74625,9.26797,,,
1541121360.8701558,3.74625,9.26875,,,
1541121360.9851453,3.74625,9.26875,0,0,0
1541121361.094666,3.74594,9.26875,,,
1541121361.1717737,3.74594,9.26952,,,
1541121361.2853627,3.74594,9.26952,,,
1541121361.37854,3.74594,9.26952,,,
1541121361.486382,3.74571,9.26978,,,
1541121361.569651,3.74571,9.26978,,,
1541121361.670642,3.74571,9.26978,,,
1541121361.7706373,3.74548,9.26978,,,
1541121361.8778849,3.74548,9.27029,,,
1541121361.9700196,3.74548,9.27029,0,0,0
1541121362.0782115,3.74548,9.27029,,,
1541121362.1837342,3.74525,9.27106,,,
1541121362.2947292,3.74525,9.27106,,,
1541121362.3766263,3.74525,9.27106,,,
1541121362.4712498,3.74495,9.27182,,,
1541121362.5711231,3.74495,9.27182,,,
1541121362.684875,3.74495,9.27182,,,
1541121362.7712486,3.74472,9.27182,,,
1541121362.876086,3.74472,9.2726,,,
1541121362.9957368,3.74472,9.2726,0,0,0
1541121363.0891373,3.74449,9.2726,,,
1541121363.1889672,3.74449,9.2731,,,
1541121363.2723732,3.74449,9.2731,,,
1541121363.37236,3.74449,9.2731,,,
1541121363.4727418,3.74428,9.27336,,,
1541121363.5829046,3.74428,9.27336,,,
1541121363.6736104,3.74428,9.27336,,,
1541121363.773862,3.74397,9.27336,,,
1541121363.896834,3.74397,9.27414,,,
1541121364.0019007,3.74397,9.27414,0,0,0
1541121364.078079,3.74397,9.27414,,,
1541121364.1748395,3.74374,9.27464,,,
1541121364.2748256,3.74374,9.27464,,,
1541121364.3829732,3.74374,9.27464,,,
1541121364.4982455,3.74352,9.27516,,,
1541121364.5781245,3.74352,9.27516,,,
1541121364.6756222,3.74352,9.27516,,,
1541121364.7947154,3.74329,9.27516,,,
1541121364.893097,3.74329,9.27567,,,
1541121364.9788485,3.74329,9.27567,0,0,0
1541121365.0758598,3.74329,9.27567,,,
1541121365.1797347,3.74298,9.27644,,,
1541121365.2932367,3.74298,9.27644,,,
1541121365.3767483,3.74298,9.27644,,,
1541121365.4771304,3.74275,9.27747,,,
1541121365.5994575,3.74275,9.27747,,,
1541121365.6826165,3.74275,9.27747,,,
1541121365.7778325,3.74254,9.27747,,,
1541121365.8779993,3.74254,9.27798,,,
1541121365.9767363,3.74254,9.27798,0,0,0
1541121366.0929651,3.74254,9.27798,,,
1541121366.2020905,3.74223,9.27901,,,
1541121366.2789576,3.74223,9.27901,,,
1541121366.4018385,3.74223,9.27901,,,
1541121366.4830735,3.742,9.27927,,,
1541121366.596348,3.742,9.27927,,,
1541121366.67898,3.742,9.27927,,,
1541121366.7791038,3.74178,9.27927,,,
1541121366.878578,3.74178,9.27977,,,
1541121366.9867187,3.74178,9.27977,0,0,0
1541121367.07947,3.74178,9.27977,,,
1541121367.2032022,3.74155,9.28053,,,
1541121367.2809548,3.74155,9.28053,,,
1541121367.383645,3.74155,9.28053,,,
1541121367.4816968,3.74124,9.28053,,,
1541121367.579478,3.74124,9.28131,,,
1541121367.6799774,3.74124,9.28131,,,
1541121367.7965834,3.74101,9.28131,,,
1541121367.9037027,3.74101,9.28207,,,
1541121368.0065467,3.74101,9.28207,0,0,0
1541121368.083202,3.74101,9.28207,,,
1541121368.1865768,3.74072,9.28233,,,
1541121368.2966864,3.74072,9.28233,,,
1541121368.3802314,3.74072,9.28233,,,
1541121368.48085,3.74049,9.28233,,,
1541121368.5809698,3.74049,9.2831,,,
1541121368.6884868,3.74049,9.2831,,,
1541121368.8250844,3.74019,9.2831,,,
1541121368.8858562,3.74019,9.28387,,,
1541121368.9829535,3.74019,9.28387,0,0,0
1541121369.0998437,3.74019,9.28387,,,
1541121369.1825678,3.73996,9.28438,,,
1541121369.281969,3.73996,9.28438,,,
1541121369.38198,3.73996,9.28438,,,
1541121369.4899316,3.73973,9.28464,,,
1541121369.6118352,3.73973,9.28464,,,
1541121369.6896884,3.73973,9.28464,,,
1541121369.7823021,3.73973,9.28464,,,
1541121369.889668,3.73943,9.28542,,,
1541121370.0062685,3.73943,9.28542,0,0,0
1541121370.0853002,3.73943,9.28542,,,
1541121370.1840155,3.7392,9.28644,,,
1541121370.2857468,3.7392,9.28644,,,
1541121370.4027903,3.7392,9.28644,,,
1541121370.497139,3.73891,9.28644,,,
1541121370.5898633,3.73891,9.28694,,,
1541121370.6900074,3.73891,9.28694,,,
1541121370.8069787,3.73868,9.28694,,,
1541121370.9119494,3.73868,9.28746,,,
1541121370.9927328,3.73868,9.28746,0,0,0
1541121371.0930433,3.73868,9.28746,,,
1541121371.1948586,3.73845,9.28798,,,
1541121371.30267,3.73845,9.28798,,,
1541121371.3927243,3.73845,9.28798,,,
1541121371.4932027,3.73822,9.28798,,,
1541121371.5927231,3.73822,9.28874,,,
1541121371.7157333,3.73822,9.28874,,,
1541121371.797864,3.73792,9.28874,,,
1541121371.9055064,3.73792,9.28926,,,
1541121372.003697,3.73792,9.28926,0,0,0
1541121372.1046977,3.73792,9.28926,,,
1541121372.1954913,3.73769,9.28951,,,
1541121372.2937126,3.73769,9.28951,,,
1541121372.3946934,3.73769,9.28951,,,
1541121372.5012765,3.73738,9.28951,,,
1541121372.6113129,3.73738,9.29028,,,
1541121372.700612,3.73738,9.29028,,,
1541121372.8087735,3.73717,9.29028,,,
1541121372.8946974,3.73717,9.29131,,,
1541121373.0028892,3.73717,9.29131,0,0,0
1541121373.0951252,3.73717,9.29131,,,
1541121373.195201,3.73686,9.29207,,,
1541121373.2954707,3.73686,9.29207,,,
1541121373.3984916,3.73686,9.29207,,,
1541121373.5006306,3.73663,9.29207,,,
1541121373.6129916,3.73663,9.29285,,,
1541121373.6955922,3.73663,9.29285,,,
1541121373.811258,3.7364,9.29285,,,
1541121373.9188895,3.7364,9.29335,,,
1541121373.998033,3.7364,9.29335,0,0,0
1541121374.0968952,3.7364,9.29335,,,
1541121374.2002647,3.7361,9.29387,,,
1541121374.317082,3.7361,9.29387,,,
1541121374.423453,3.7361,9.29387,,,
1541121374.500259,3.73587,9.29387,,,
1541121374.5981116,3.73587,9.29439,,,
1541121374.7032757,3.73587,9.29439,,,
1541121374.7978213,3.73587,9.29439,,,
1541121374.8980422,3.73564,9.29541,,,
1541121374.99797,3.73564,9.29541,0,0,0
1541121375.1301072,3.73564,9.29541,,,
1541121375.2319365,3.73535,9.29617,,,
1541121375.2998657,3.73535,9.29617,,,
1541121375.398073,3.73535,9.29617,,,
1541121375.5171354,3.73512,9.29617,,,
1541121375.598647,3.73512,9.29669,,,
1541121375.699001,3.73512,9.29669,,,
1541121375.7986274,3.73512,9.29669,,,
1541121375.904569,3.73482,9.2972,,,
1541121376.0222094,3.73482,9.2972,0,0,0
1541121376.1008859,3.73482,9.2972,,,
1541121376.1990304,3.73459,9.29797,,,
1541121376.3003838,3.73459,9.29797,,,
1541121376.4086096,3.73459,9.29797,,,
1541121376.5003707,3.73428,9.29797,,,
1541121376.600993,3.73428,9.29848,,,
1541121376.7004468,3.73428,9.29848,,,
1541121376.826162,3.73428,9.29848,,,
1541121376.9086285,3.73405,9.29874,,,
1541121377.000252,3.73405,9.29874,0,0,0
1541121377.1004627,3.73405,9.29874,,,
1541121377.2155652,3.73375,9.29951,,,
1541121377.301777,3.73375,9.29951,,,
1541121377.4013624,3.73375,9.29951,,,
1541121377.5015833,3.73354,9.29951,,,
1541121377.632822,3.73354,9.30028,,,
1541121377.7221172,3.73354,9.30028,,,
1541121377.80169,3.73354,9.30028,,,
1541121377.9018517,3.73323,9.3013,,,
1541121378.0054796,3.73323,9.3013,0,0,0
1541121378.118905,3.73323,9.3013,,,
1541121378.202105,3.733,9.30182,,,
1541121378.302001,3.733,9.30182,,,
1541121378.4283166,3.733,9.30182,,,
1541121378.5095596,3.73277,9.30182,,,
1541121378.6028028,3.73277,9.30208,,,
1541121378.7029836,3.73277,9.30208,,,
1541121378.8030765,3.73277,9.30208,,,
1541121378.9256866,3.73247,9.30284,,,
1541121379.0078127,3.73247,9.30284,0,0,0
1541121379.1035206,3.73247,9.30284,,,
1541121379.228973,3.73216,9.3036,,,
1541121379.3149414,3.73216,9.3036,,,
1541121379.4048655,3.73216,9.3036,,,
1541121379.5038443,3.73193,9.3036,,,
1541121379.6039913,3.73193,9.30412,,,
1541121379.7119446,3.73193,9.30412,,,
1541121379.8220525,3.73193,9.30412,,,
1541121379.9026105,3.73172,9.30463,,,
1541121380.021638,3.73172,9.30463,0,0,0
1541121380.1150115,3.73172,9.30463,,,
1541121380.2143812,3.73141,9.30463,,,
1541121380.3065171,3.73141,9.3054,,,
1541121380.406515,3.73141,9.3054,,,
1541121380.5056546,3.73119,9.3054,,,
1541121380.60853,3.73119,9.30643,,,
1541121380.706011,3.73119,9.30643,,,
1541121380.8202605,3.73119,9.30643,,,
1541121380.9141376,3.73088,9.30669,,,
1541121381.020232,3.73088,9.30669,0,0,0
1541121381.1063893,3.73088,9.30669,,,
1541121381.20665,3.73065,9.30669,,,
1541121381.3068776,3.73065,9.30719,,,
1541121381.4164948,3.73065,9.30719,,,
1541121381.5245888,3.73035,9.30719,,,
1541121381.6206367,3.73035,9.30797,,,
1541121381.7148843,3.73035,9.30797,,,
1541121381.8107321,3.73035,9.30797,,,
1541121381.923877,3.73004,9.30899,,,
1541121382.0080135,3.73004,9.30899,0,0,0
1541121382.1066244,3.73004,9.30899,,,
1541121382.2082155,3.72983,9.30899,,,
1541121382.3142414,3.72983,9.30975,,,
1541121382.4175515,3.72983,9.30975,,,
1541121382.516,3.72952,9.30975,,,
1541121382.6084745,3.72952,9.31079,,,
1541121382.7259912,3.72952,9.31079,,,
1541121382.808872,3.72952,9.31079,,,
1541121382.9086478,3.72929,9.31104,,,
1541121383.008595,3.72929,9.31104,0,0,0
1541121383.1168907,3.72929,9.31104,,,
1541121383.2340953,3.72899,9.31104,,,
1541121383.3227475,3.72899,9.31155,,,
1541121383.4086277,3.72899,9.31155,,,
1541121383.5168679,3.72876,9.31155,,,
1541121383.626106,3.72876,9.31232,,,
1541121383.7096171,3.72876,9.31232,,,
1541121383.8100073,3.72876,9.31232,,,
1541121383.9096215,3.72845,9.31284,,,
1541121384.0262141,3.72845,9.31284,0,0,0
1541121384.1247325,3.72845,9.31284,,,
1541121384.2093682,3.72823,9.31284,,,
1541121384.3093748,3.72823,9.31335,,,
1541121384.429626,3.72823,9.31335,,,
1541121384.5143566,3.72823,9.31335,,,
1541121384.609483,3.72794,9.31412,,,
1541121384.709762,3.72794,9.31412,,,
1541121384.8248358,3.72794,9.31412,,,
1541121384.9273515,3.72771,9.31514,,,
1541121385.0110044,3.72771,9.31514,0,0,0
1541121385.1111116,3.72771,9.31514,,,
1541121385.212925,3.7274,9.31514,,,
1541121385.3205717,3.7274,9.31592,,,
1541121385.4128382,3.7274,9.31592,,,
1541121385.513232,3.7274,9.31592,,,
1541121385.6138418,3.7271,9.31616,,,
1541121385.7582655,3.7271,9.31616,,,
1541121385.8456383,3.7271,9.31616,,,
1541121385.9157104,3.72687,9.31694,,,
1541121386.0124528,3.72687,9.31694,0,0,0
1541121386.126826,3.72687,9.31694,,,
1541121386.213457,3.72656,9.31694,,,
1541121386.312693,3.72656,9.3177,,,
1541121386.4124517,3.72656,9.3177,,,
1541121386.5199568,3.72656,9.3177,,,
1541121386.6365795,3.72633,9.31822,,,
1541121386.7168202,3.72633,9.31822,,,
1541121386.8129354,3.72633,9.31822,,,
1541121386.916686,3.72604,9.31848,,,
1541121387.023481,3.72604,9.31848,0,0,0
1541121387.1148136,3.72604,9.31848,,,
1541121387.2146847,3.72581,9.31848,,,
1541121387.313573,3.72581,9.3195,,,
1541121387.452426,3.72581,9.3195,,,
1541121387.5176837,3.72581,9.3195,,,
1541121387.6153836,3.72551,9.32027,,,
1541121387.715431,3.72551,9.32027,,,
1541121387.8259294,3.72551,9.32027,,,
1541121387.915439,3.7252,9.32104,,,
1541121388.0160573,3.7252,9.32104,0,0,0
1541121388.1161702,3.7252,9.32104,,,
1541121388.2465363,3.72498,9.32104,,,
1541121388.3359344,3.72498,9.32129,,,
1541121388.4164112,3.72498,9.32129,,,
1541121388.5167878,3.72498,9.32129,,,
1541121388.6168988,3.72467,9.32207,,,
1541121388.7245502,3.72467,9.32207,,,
1541121388.8171875,3.72467,9.32207,,,
1541121388.9176848,3.72446,9.32283,,,
1541121389.0399976,3.72446,9.32283,0,0,0
1541121389.12052,3.72446,9.32283,,,
1541121389.216658,3.72415,9.32283,,,
1541121389.3164084,3.72415,9.32335,,,
1541121389.417816,3.72415,9.32335,,,
1541121389.5309668,3.72415,9.32335,,,
1541121389.6421764,3.72385,9.32437,,,
1541121389.7203357,3.72385,9.32437,,,
1541121389.8369064,3.72385,9.32437,,,
1541121389.9266834,3.72362,9.32513,,,
1541121390.0359585,3.72362,9.32513,0,0,0
1541121390.1190605,3.72362,9.32513,,,
1541121390.2190793,3.72331,9.32513,,,
1541121390.3209636,3.72331,9.32565,,,
1541121390.4280994,3.72331,9.32565,,,
1541121390.518195,3.72331,9.32565,,,
1541121390.6347778,3.72308,9.32642,,,
1541121390.7269354,3.72308,9.32642,,,
1541121390.8425515,3.72308,9.32642,,,
1541121390.9239233,3.72278,9.32642,,,
1541121391.0198212,3.72278,9.32745,0,0,0
1541121391.1193166,3.72278,9.32745,,,
1541121391.2313254,3.72249,9.32745,,,
1541121391.3193166,3.72249,9.32822,,,
1541121391.4314275,3.72249,9.32822,,,
1541121391.5280576,3.72249,9.32822,,,
1541121391.6267989,3.72226,9.32874,,,
1541121391.7381258,3.72226,9.32874,,,
1541121391.8203018,3.72226,9.32874,,,
1541121391.9206893,3.72195,9.32874,,,
1541121392.020802,3.72195,9.32924,0,0,0
1541121392.130314,3.72195,9.32924,,,
1541121392.2278812,3.72195,9.32924,,,
1541121392.3327942,3.72165,9.33,,,
1541121392.421444,3.72165,9.33,,,
1541121392.5250707,3.72165,9.33,,,
1541121392.6229088,3.72142,9.33052,,,
1541121392.7219303,3.72142,9.33052,,,
1541121392.82183,3.72142,9.33052,,,
1541121392.9368894,3.72112,9.33128,,,
1541121393.0541422,3.72112,9.33128,0,0,0
1541121393.1395416,3.72112,9.33128,,,
1541121393.221898,3.72112,9.33128,,,
1541121393.326426,3.72083,9.33206,,,
1541121393.4386628,3.72083,9.33206,,,
1541121393.5224512,3.72083,9.33206,,,
1541121393.6229355,3.7206,9.33282,,,
1541121393.7227771,3.7206,9.33282,,,
1541121393.8330054,3.7206,9.33282,,,
1541121393.966014,3.72029,9.33282,,,
1541121394.0441523,3.72029,9.33334,0,0,0
1541121394.124647,3.72029,9.33334,,,
1541121394.2399104,3.71999,9.33334,,,
1541121394.3245182,3.71999,9.33385,,,
1541121394.4248934,3.71999,9.33385,,,
1541121394.524771,3.71999,9.33385,,,
1541121394.6302807,3.71976,9.33488,,,
1541121394.7463858,3.71976,9.33488,,,
1541121394.845446,3.71976,9.33488,,,
1541121394.9260228,3.71945,9.33488,,,
1541121395.0276635,3.71945,9.33539,0,0,0
1541121395.1341796,3.71945,9.33539,,,
1541121395.226149,3.71945,9.33539,,,
1541121395.3265572,3.71915,9.33591,,,
1541121395.426511,3.71915,9.33591,,,
1541121395.5466366,3.71915,9.33591,,,
1541121395.662667,3.71886,9.33667,,,
1541121395.7267778,3.71886,9.33667,,,
1541121395.8271375,3.71886,9.33667,,,
1541121395.9423795,3.71863,9.33667,,,
1541121396.026651,3.71863,9.33745,0,0,0
1541121396.1279044,3.71863,9.33745,,,
1541121396.2278929,3.71863,9.33745,,,
1541121396.3373787,3.71832,9.33821,,,
1541121396.451751,3.71832,9.33821,,,
1541121396.5303729,3.71832,9.33821,,,
1541121396.6276603,3.71802,9.33873,,,
1541121396.7307658,3.71802,9.33873,,,
1541121396.8436298,3.71802,9.33873,,,
1541121396.9286633,3.71771,9.33873,,,
1541121397.0285304,3.71771,9.34001,0,0,0
1541121397.128655,3.71771,9.34001,,,
1541121397.2512693,3.71771,9.34001,,,
1541121397.3293839,3.71748,9.34077,,,
1541121397.429143,3.71748,9.34077,,,
1541121397.5292602,3.71748,9.34077,,,
1541121397.6472256,3.71719,9.34129,,,
1541121397.7535372,3.71719,9.34129,,,
1541121397.8311167,3.71719,9.34129,,,
1541121397.9296079,3.71689,9.34129,,,
1541121398.0568614,3.71689,9.34206,0,0,0
1541121398.1483703,3.71689,9.34206,,,
1541121398.2286456,3.71689,9.34206,,,
1541121398.3292575,3.71666,9.34258,,,
1541121398.4307466,3.71666,9.34258,,,
1541121398.5382628,3.71666,9.34258,,,
1541121398.6303978,3.71635,9.34308,,,
1541121398.729414,3.71635,9.34308,,,
1541121398.8527367,3.71635,9.34308,,,
1541121398.9510298,3.71605,9.34308,,,
1541121399.0343611,3.71605,9.3441,0,0,0
1541121399.130738,3.71605,9.3441,,,
1541121399.2311268,3.71605,9.3441,,,
1541121399.341028,3.71582,9.34514,,,
1541121399.4323676,3.71582,9.34514,,,
1541121399.531661,3.71582,9.34514,,,
1541121399.6512527,3.71552,9.34564,,,
1541121399.742476,3.71552,9.34564,,,
1541121399.8330185,3.71552,9.34564,,,
1541121399.9318683,3.71523,9.34564,,,
1541121400.031759,3.71523,9.3459,0,0,0
1541121400.142902,3.71523,9.3459,,,
1541121400.2495081,3.71523,9.3459,,,
1541121400.3327367,3.715,9.34692,,,
1541121400.4487627,3.715,9.34692,,,
1541121400.5415022,3.715,9.34692,,,
1541121400.6404998,3.71469,9.3477,,,
1541121400.732767,3.71469,9.3477,,,
1541121400.8341136,3.71469,9.3477,,,
1541121400.9327483,3.71439,9.3477,,,
1541121401.0569737,3.71439,9.34795,0,0,0
1541121401.1398745,3.71439,9.34795,,,
1541121401.2468421,3.71439,9.34795,,,
1541121401.3414695,3.71408,9.34872,,,
1541121401.446642,3.71408,9.34872,,,
1541121401.5354798,3.71408,9.34872,,,
1541121401.6354694,3.71385,9.34872,,,
1541121401.7356076,3.71385,9.34975,,,
1541121401.8421276,3.71385,9.34975,,,
1541121401.9533715,3.71356,9.34975,,,
1541121402.0423052,3.71356,9.35051,0,0,0
1541121402.1462173,3.71356,9.35051,,,
1541121402.2373374,3.71356,9.35051,,,
1541121402.3453615,3.71326,9.35103,,,
1541121402.436722,3.71326,9.35103,,,
1541121402.5367067,3.71326,9.35103,,,
1541121402.63709,3.71295,9.35103,,,
1541121402.7419603,3.71295,9.35155,,,
1541121402.8410542,3.71295,9.35155,,,
1541121402.948575,3.71265,9.35155,,,
1541121403.0372171,3.71265,9.35257,0,0,0
1541121403.1517518,3.71265,9.35257,,,
1541121403.2606156,3.71265,9.35257,,,
1541121403.3396056,3.71242,9.35307,,,
1541121403.4381673,3.71242,9.35307,,,
1541121403.5409756,3.71242,9.35307,,,
1541121403.6617599,3.71211,9.35307,,,
1541121403.7564514,3.71211,9.35359,,,
1541121403.8386135,3.71211,9.35359,,,
1541121403.9387326,3.71211,9.35359,,,
1541121404.046468,3.71188,9.35435,0,0,0
1541121404.1392136,3.71188,9.35435,,,
1541121404.2376924,3.71188,9.35435,,,
1541121404.3387272,3.71159,9.35538,,,
1541121404.468859,3.71159,9.35538,,,
1541121404.5732298,3.71159,9.35538,,,
1541121404.6408496,3.71129,9.35538,,,
1541121404.7395873,3.71129,9.35641,,,
1541121404.8566086,3.71129,9.35641,,,
1541121404.9634666,3.71098,9.35641,,,
1541121405.0412245,3.71098,9.35744,0,0,0
1541121405.139961,3.71098,9.35744,,,
1541121405.248065,3.71098,9.35744,,,
1541121405.3614297,3.71068,9.35794,,,
1541121405.4404452,3.71068,9.35794,,,
1541121405.5396104,3.71068,9.35794,,,
1541121405.645458,3.71037,9.35794,,,
1541121405.7488403,3.71037,9.35846,,,
1541121405.8403285,3.71037,9.35846,,,
1541121405.9404407,3.71037,9.35846,,,
1541121406.0407124,3.71007,9.35922,0,0,0
1541121406.1785567,3.71007,9.35922,,,
1541121406.2444289,3.71007,9.35922,,,
1541121406.3412268,3.70985,9.36,,,
1541121406.4413304,3.70985,9.36,,,
1541121406.551836,3.70985,9.36,,,
1541121406.6424336,3.70955,9.36,,,
1541121406.741356,3.70955,9.3605,,,
1541121406.8416986,3.70955,9.3605,,,
1541121406.9748108,3.70924,9.3605,,,
1541121407.0633101,3.70924,9.36102,0,0,0
1541121407.143054,3.70924,9.36102,,,
1541121407.242052,3.70924,9.36102,,,
1541121407.347801,3.70894,9.36205,,,
1541121407.4593232,3.70894,9.36205,,,
1541121407.5427995,3.70894,9.36205,,,
1541121407.6439102,3.70863,9.36205,,,
1541121407.766919,3.70863,9.36282,,,
1541121407.8505664,3.70863,9.36282,,,
1541121407.9441924,3.70863,9.36282,,,
1541121408.0440643,3.7084,9.36333,0,0,0
1541121408.1453137,3.7084,9.36333,,,
1541121408.267304,3.7084,9.36333,,,
1541121408.3495626,3.70811,9.36385,,,
1541121408.4444408,3.70811,9.36385,,,
1541121408.567163,3.70811,9.36385,,,
1541121408.6578548,3.70781,9.36385,,,
1541121408.7458532,3.70781,9.36487,,,
1541121408.8467102,3.70781,9.36487,,,
1541121408.9463205,3.70781,9.36487,,,
1541121409.0538063,3.7075,9.36539,0,0,0
1541121409.1634314,3.7075,9.36539,,,
1541121409.2465408,3.7075,9.36539,,,
1541121409.3655229,3.70728,9.36589,,,
1541121409.4496858,3.70728,9.36589,,,
1541121409.554331,3.70728,9.36589,,,
1541121409.646816,3.70697,9.36589,,,
1541121409.7469256,3.70697,9.36667,,,
1541121409.8472986,3.70697,9.36667,,,
1541121409.952158,3.70697,9.36667,,,
1541121410.0471747,3.70667,9.36769,0,0,0
1541121410.163635,3.70667,9.36769,,,
1541121410.255551,3.70667,9.36769,,,
1541121410.3615248,3.70636,9.36819,,,
1541121410.446801,3.70636,9.36819,,,
1541121410.5469177,3.70636,9.36819,,,
1541121410.648663,3.70607,9.36819,,,
1541121410.759814,3.70607,9.36871,,,
1541121410.8655388,3.70607,9.36871,,,
1541121410.9609005,3.70607,9.36871,,,
1541121411.057931,3.70576,9.36974,0,0,0
1541121411.1480215,3.70576,9.36974,,,
1541121411.2553957,3.70576,9.36974,,,
1541121411.3492672,3.70554,9.36974,,,
1541121411.448072,3.70554,9.37076,,,
1541121411.5483341,3.70554,9.37076,,,
1541121411.671561,3.70523,9.37076,,,
1541121411.7627506,3.70523,9.3718,,,
1541121411.8632798,3.70523,9.3718,,,
1541121411.9495363,3.70523,9.3718,,,
1541121412.0617862,3.70493,9.3723,0,0,0
1541121412.173662,3.70493,9.3723,,,
1541121412.2512686,3.70493,9.3723,,,
1541121412.3506866,3.70462,9.3723,,,
1541121412.457773,3.70462,9.37282,,,
1541121412.5739944,3.70462,9.37282,,,
1541121412.6683881,3.70433,9.37282,,,
1541121412.7505155,3.70433,9.37358,,,
1541121412.8509383,3.70433,9.37358,,,
1541121412.9566667,3.70433,9.37358,,,
1541121413.0533876,3.7041,9.3746,0,0,0
1541121413.1527705,3.7041,9.3746,,,
1541121413.252391,3.7041,9.3746,,,
1541121413.3726254,3.7038,9.37538,,,
1541121413.477663,3.7038,9.37538,,,
1541121413.5540159,3.7038,9.37538,,,
1541121413.652389,3.7038,9.37538,,,
1541121413.7580104,3.70349,9.37589,,,
1541121413.8688993,3.70349,9.37589,,,
1541121413.9520488,3.70349,9.37589,0,0,0
1541121414.0516398,3.70319,9.37666,,,
1541121414.1535108,3.70319,9.37666,,,
1541121414.2740023,3.70319,9.37666,,,
1541121414.3535278,3.70288,9.37666,,,
1541121414.4535115,3.70288,9.37769,,,
1541121414.5535183,3.70288,9.37769,,,
1541121414.6559026,3.70288,9.37769,,,
1541121414.7541494,3.70259,9.3782,,,
1541121414.8540106,3.70259,9.3782,,,
1541121414.9536233,3.70259,9.3782,,,
1541121415.0847502,3.70229,9.37871,0,0,0
1541121415.1757956,3.70229,9.37871,,,
1541121415.2562518,3.70229,9.37871,,,
1541121415.3537593,3.70198,9.37871,,,
1541121415.457704,3.70198,9.37947,,,
1541121415.5653806,3.70198,9.37947,,,
1541121415.6565094,3.70198,9.37947,,,
1541121415.7572663,3.70175,9.38025,,,
1541121415.8804007,3.70175,9.38025,,,
1541121416.048485,3.68684,10.2935,,,
1541121416.218897,3.68684,10.2935,,,
1541121416.3724954,3.64433,10.2935,,,
1541121416.519493,3.64433,12.2728,,,
1541121416.6885908,3.64183,12.2728,,,
1541121416.836517,3.64183,12.2807,,,
1541121417.0000217,3.64183,12.2807,,,
1541121417.153629,3.64001,12.2869,,,
1541121417.300145,3.64001,12.2869,,,
1541121417.4654243,3.63843,12.292,,,
1541121417.5565965,3.63843,12.292,0,0,0
1541121417.66061,3.63843,12.292,0,0,0
1541121417.7392592,3.66664,10.6049,,,
1541121417.8381057,3.66664,10.6049,,,
1541121417.943516,3.66664,10.6049,,,
1541121418.0554862,3.69344,10.6049,0,0,0
1541121418.138715,3.69344,9.40102,,,
1541121418.249846,3.69344,9.40102,,,
1541121418.34699,3.69418,9.40102,,,
1541121418.4463742,3.69418,9.39896,,,
1541121418.5392451,3.69418,9.39896,,,
1541121418.6389682,3.69418,9.39896,,,
1541121418.7380457,3.69456,9.39845,,,
1541121418.8431022,3.69456,9.39845,,,
1541121418.9456184,3.69456,9.39845,,,
1541121419.0433168,3.69464,9.39845,0,0,0
1541121419.1519873,3.69464,9.39793,,,
1541121419.2516394,3.69464,9.39793,,,
1541121419.3639805,3.69472,9.39793,,,
1541121419.4423802,3.69472,9.39793,,,
1541121419.5396776,3.69472,9.39793,,,
1541121419.6481085,3.69472,9.39793,,,
1541121419.756999,3.69464,9.39793,,,
1541121419.8422916,3.69464,9.39793,,,
1541121419.9629314,3.69464,9.39793,,,
1541121420.0577376,3.69456,9.39793,0,0,0
1541121420.1467495,3.69456,9.39819,,,
1541121420.2402594,3.69456,9.39819,,,
1541121420.3407211,3.69456,9.39819,,,
1541121420.440955,3.69449,9.3987,,,
1541121420.5622113,3.69449,9.3987,,,
1541121420.646353,3.69449,9.3987,,,
1541121420.742236,3.69434,9.39896,,,
1541121420.8664045,3.69434,9.39896,,,
1541121420.968088,3.69434,9.39896,0,0,0
1541121421.0639796,3.69418,9.39896,,,
1541121421.150369,3.69418,9.39896,,,
1541121421.2433407,3.69418,9.39896,,,
1541121421.3477206,3.69418,9.39896,,,
1541121421.4549854,3.69395,9.39948,,,
1541121421.5453339,3.69395,9.39948,,,
1541121421.6462264,3.69395,9.39948,,,
1541121421.7642508,3.6938,9.39998,,,
1541121421.86821,3.6938,9.39998,,,
1541121421.9504557,3.6938,9.39998,0,0,0
1541121422.0480616,3.69359,9.39998,,,
1541121422.1484463,3.69359,9.4005,,,
1541121422.2580965,3.69359,9.4005,,,
1541121422.3722122,3.69336,9.4005,,,
1541121422.4488413,3.69336,9.40152,,,
1541121422.5704937,3.69336,9.40152,,,
1541121422.6522012,3.69336,9.40152,,,
1541121422.7662413,3.69313,9.4023,,,
1541121422.8490815,3.69313,9.4023,,,
1541121422.9490862,3.69313,9.4023,,,
1541121423.0492177,3.6929,9.4023,0,0,0
1541121423.1561053,3.6929,9.4028,,,
1541121423.2493253,3.6929,9.4028,,,
1541121423.3720174,3.6929,9.4028,,,
1541121423.4502127,3.69275,9.40306,,,
1541121423.5714245,3.69275,9.40306,,,
1541121423.6501048,3.69275,9.40306,,,
1541121423.749105,3.69252,9.40356,,,
1541121423.8490698,3.69252,9.40356,,,
1541121423.961931,3.69252,9.40356,,,
1541121424.0493422,3.69221,9.40356,0,0,0
1541121424.1724024,3.69221,9.40408,,,
1541121424.2522082,3.69221,9.40408,,,
1541121424.3640707,3.69221,9.40408,,,
1541121424.4500859,3.69199,9.40511,,,
1541121424.550732,3.69199,9.40511,,,
1541121424.6510978,3.69199,9.40511,,,
1541121424.7581964,3.69177,9.40588,,,
1541121424.8688107,3.69177,9.40588,,,
1541121424.9742842,3.69177,9.40588,0,0,0
1541121425.0521042,3.69147,9.40588,,,
1541121425.154278,3.69147,9.40639,,,
1541121425.2611828,3.69147,9.40639,,,
1541121425.3529341,3.69147,9.40639,,,
1541121425.4523268,3.69124,9.40665,,,
1541121425.5523098,3.69124,9.40665,,,
1541121425.6721907,3.69124,9.40665,,,
1541121425.7920084,3.69101,9.40665,,,
1541121425.8557055,3.69101,9.40741,,,
1541121425.9542847,3.69101,9.40741,,,
1541121426.068048,3.6907,9.40741,0,0,0
1541121426.153672,3.6907,9.40845,,,
1541121426.2529194,3.6907,9.40845,,,
1541121426.354155,3.6907,9.40845,,,
1541121426.458345,3.69048,9.40895,,,
1541121426.5732958,3.69048,9.40895,,,
1541121426.65906,3.69048,9.40895,,,
1541121426.7549534,3.69025,9.40895,,,
1541121426.8562057,3.69025,9.40947,,,
1541121426.961942,3.69025,9.40947,,,
1541121427.056287,3.68996,9.40947,0,0,0
1541121427.1565773,3.68996,9.40997,,,
1541121427.2565727,3.68996,9.40997,,,
1541121427.396371,3.68996,9.40997,,,
1541121427.487272,3.68965,9.41075,,,
1541121427.5581396,3.68965,9.41075,,,
1541121427.6564386,3.68965,9.41075,,,
1541121427.7686918,3.68942,9.41125,,,
1541121427.8565648,3.68942,9.41125,,,
1541121427.9560626,3.68942,9.41125,,,
1541121428.0566752,3.68942,9.41125,0,0,0
1541121428.1717348,3.68912,9.41177,,,
1541121428.2699058,3.68912,9.41177,,,
1541121428.3571699,3.68912,9.41177,,,
1541121428.4576647,3.68881,9.4128,,,
1541121428.557639,3.68881,9.4128,,,
1541121428.6626797,3.68881,9.4128,,,
1541121428.7580526,3.68858,9.4128,,,
1541121428.8583007,3.68858,9.41357,,,
1541121428.9621482,3.68858,9.41357,,,
1541121429.0933847,3.68828,9.41357,0,0,0
1541121429.1858993,3.68828,9.41434,,,
1541121429.2604399,3.68828,9.41434,,,
1541121429.3583052,3.68828,9.41434,,,
1541121429.468569,3.68799,9.4146,,,
1541121429.5822685,3.68799,9.4146,,,
1541121429.660055,3.68799,9.4146,,,
1541121429.7591705,3.68776,9.4146,,,
1541121429.8686175,3.68776,9.41536,,,
1541121429.9760418,3.68776,9.41536,0,0,0
1541121430.0583084,3.68776,9.41536,,,
1541121430.1595364,3.68745,9.41638,,,
1541121430.258433,3.68745,9.41638,,,
1541121430.3665347,3.68745,9.41638,,,
1541121430.4594123,3.68715,9.41716,,,
1541121430.5590138,3.68715,9.41716,,,
1541121430.6600375,3.68715,9.41716,,,
1541121430.802948,3.68692,9.41766,,,
1541121430.8931758,3.68692,9.41766,,,
1541121430.9610248,3.68692,9.41766,0,0,0
1541121431.0594234,3.68692,9.41766,,,
1541121431.17541,3.68661,9.4187,,,
1541121431.2597985,3.68661,9.4187,,,
1541121431.3600364,3.68661,9.4187,,,
1541121431.4604146,3.68633,9.41946,,,
1541121431.5691273,3.68633,9.41946,,,
1541121431.6822612,3.68633,9.41946,,,
1541121431.7607956,3.68602,9.41946,,,
1541121431.8611383,3.68602,9.42023,,,
1541121431.9612625,3.68602,9.42023,,,
1541121432.0672598,3.68602,9.42023,0,0,0
1541121432.1623895,3.68579,9.42101,,,
1541121432.262388,3.68579,9.42101,,,
1541121432.362392,3.68579,9.42101,,,
1541121432.4990242,3.68549,9.42151,,,
1541121432.566141,3.68549,9.42151,,,
1541121432.662389,3.68549,9.42151,,,
1541121432.761787,3.68518,9.42151,,,
1541121432.8721318,3.68518,9.42203,,,
1541121432.963153,3.68518,9.42203,0,0,0
1541121433.0631378,3.68518,9.42203,,,
1541121433.162121,3.68495,9.42279,,,
1541121433.2888136,3.68495,9.42279,,,
1541121433.376031,3.68495,9.42279,,,
1541121433.4631546,3.68465,9.42383,,,
1541121433.5645292,3.68465,9.42383,,,
1541121433.6643927,3.68465,9.42383,,,
1541121433.7732813,3.68436,9.42383,,,
1541121433.864652,3.68436,9.42433,,,
1541121433.9648948,3.68436,9.42433,,,
1541121434.086601,3.68436,9.42433,0,0,0
1541121434.1845062,3.68405,9.42485,,,
1541121434.266022,3.68405,9.42485,,,
1541121434.365514,3.68405,9.42485,,,
1541121434.466889,3.68382,9.42561,,,
1541121434.5720072,3.68382,9.42561,,,
1541121434.6839983,3.68382,9.42561,,,
1541121434.7664068,3.68352,9.42561,,,
1541121434.8885925,3.68352,9.42664,,,
1541121434.9741364,3.68352,9.42664,0,0,0
1541121435.0925024,3.68352,9.42664,,,
1541121435.1763906,3.68321,9.42741,,,
1541121435.2723675,3.68321,9.42741,,,
1541121435.3730001,3.68321,9.42741,,,
1541121435.485397,3.68291,9.42792,,,
1541121435.5744927,3.68291,9.42792,,,
1541121435.696094,3.68291,9.42792,,,
1541121435.7781897,3.68269,9.42792,,,
1541121435.8844888,3.68269,9.4287,,,
1541121435.992769,3.68269,9.4287,0,0,0
1541121436.0763729,3.68269,9.4287,,,
1541121436.1753788,3.68239,9.42946,,,
1541121436.2752295,3.68239,9.42946,,,
1541121436.3831182,3.68239,9.42946,,,
1541121436.4950554,3.68208,9.42998,,,
1541121436.580643,3.68208,9.42998,,,
1541121436.6762497,3.68208,9.42998,,,
1541121436.7948763,3.68178,9.42998,,,
1541121436.8766255,3.68178,9.43048,,,
1541121436.976494,3.68178,9.43048,0,0,0
1541121437.076748,3.68178,9.43048,,,
1541121437.1862783,3.68147,9.4315,,,
1541121437.3021028,3.68147,9.4315,,,
1541121437.3863897,3.68147,9.4315,,,
1541121437.477113,3.68117,9.4315,,,
1541121437.5793505,3.68117,9.43254,,,
1541121437.6862285,3.68117,9.43254,,,
1541121437.7778258,3.68088,9.43254,,,
1541121437.8781316,3.68088,9.43304,,,
1541121437.9781039,3.68088,9.43304,0,0,0
1541121438.1173143,3.68088,9.43304,,,
1541121438.2108831,3.68057,9.43407,,,
1541121438.2791085,3.68057,9.43407,,,
1541121438.3784747,3.68057,9.43407,,,
1541121438.494731,3.68027,9.43484,,,
1541121438.6022267,3.68027,9.43484,,,
1541121438.679378,3.68027,9.43484,,,
1541121438.778086,3.67996,9.43484,,,
1541121438.8903675,3.67996,9.43561,,,
1541121438.9915156,3.67996,9.43561,0,0,0
1541121439.0793655,3.67996,9.43561,,,
1541121439.179613,3.67973,9.43639,,,
1541121439.2795851,3.67973,9.43639,,,
1541121439.3872414,3.67973,9.43639,,,
1541121439.479116,3.67943,9.43639,,,
1541121439.5801349,3.67943,9.43741,,,
1541121439.682805,3.67943,9.43741,,,
1541121439.8195136,3.67912,9.43741,,,
1541121439.9131212,3.67912,9.43791,,,
1541121439.98258,3.67912,9.43791,0,0,0
1541121440.0793717,3.67912,9.43791,,,
1541121440.1951056,3.67883,9.43843,,,
1541121440.2813737,3.67883,9.43843,,,
1541121440.3802469,3.67883,9.43843,,,
1541121440.480745,3.67853,9.43843,,,
1541121440.5926762,3.67853,9.43945,,,
1541121440.7014735,3.67853,9.43945,,,
1541121440.7808268,3.67853,9.43945,,,
1541121440.8812478,3.67822,9.44048,,,
1541121440.9811015,3.67822,9.44048,0,0,0
1541121441.0880864,3.67822,9.44048,,,
1541121441.1821814,3.67792,9.44099,,,
1541121441.2834742,3.67792,9.44099,,,
1541121441.381107,3.67792,9.44099,,,
1541121441.5165586,3.67761,9.44151,,,
1541121441.5863435,3.67761,9.44151,,,
1541121441.6831849,3.67761,9.44151,,,
1541121441.7821548,3.67761,9.44151,,,
1541121441.8943357,3.67731,9.44254,,,
1541121441.9831877,3.67731,9.44254,0,0,0
1541121442.0823114,3.67731,9.44254,,,
1541121442.1831763,3.67702,9.44304,,,
1541121442.3099267,3.67702,9.44304,,,
1541121442.3961115,3.67702,9.44304,,,
1541121442.483598,3.67679,9.44304,,,
1541121442.5838475,3.67679,9.44356,,,
1541121442.6842163,3.67679,9.44356,,,
1541121442.7882507,3.67679,9.44356,,,
1541121442.8840597,3.67648,9.44432,,,
1541121442.9854753,3.67648,9.44432,0,0,0
1541121443.1071634,3.67648,9.44432,,,
1541121443.1987789,3.67618,9.44536,,,
1541121443.2851927,3.67618,9.44536,,,
1541121443.3859472,3.67618,9.44536,,,
1541121443.4852195,3.67587,9.44536,,,
1541121443.5965698,3.67587,9.44612,,,
1541121443.6854537,3.67587,9.44612,,,
1541121443.785199,3.67587,9.44612,,,
1541121443.9072888,3.67557,9.44664,,,
1541121443.99484,3.67557,9.44664,0,0,0
1541121444.103946,3.67557,9.44664,,,
1541121444.1863332,3.67528,9.4474,,,
1541121444.2865677,3.67528,9.4474,,,
1541121444.3864524,3.67528,9.4474,,,
1541121444.4940631,3.67497,9.4474,,,
1541121444.586195,3.67497,9.44843,,,
1541121444.7088292,3.67497,9.44843,,,
1541121444.789071,3.67497,9.44843,,,
1541121444.9097896,3.67467,9.44945,,,
1541121444.992333,3.67467,9.44945,0,0,0
1541121445.0868113,3.67467,9.44945,,,
1541121445.1881762,3.67436,9.45049,,,
1541121445.2987823,3.67436,9.45049,,,
1541121445.412174,3.67436,9.45049,,,
1541121445.5102963,3.67406,9.45049,,,
1541121445.5907829,3.67406,9.45125,,,
1541121445.6987994,3.67406,9.45125,,,
1541121445.8124108,3.67375,9.45125,,,
1541121445.8891823,3.67375,9.45177,,,
1541121445.9889321,3.67375,9.45177,0,0,0
1541121446.0942996,3.67375,9.45177,,,
1541121446.2060428,3.67346,9.45227,,,
1541121446.307892,3.67346,9.45227,,,
1541121446.3981407,3.67346,9.45227,,,
1541121446.4951763,3.67316,9.45227,,,
1541121446.6060483,3.67316,9.45303,,,
1541121446.6899304,3.67316,9.45303,,,
1541121446.7900634,3.67316,9.45303,,,
1541121446.8890598,3.67285,9.45355,,,
1541121446.9984095,3.67285,9.45355,0,0,0
1541121447.1051147,3.67285,9.45355,,,
1541121447.1976156,3.67255,9.45432,,,
1541121447.2899277,3.67255,9.45432,,,
1541121447.4100602,3.67255,9.45432,,,
1541121447.4935503,3.67224,9.45432,,,
1541121447.590951,3.67224,9.45535,,,
1541121447.6925325,3.67224,9.45535,,,
1541121447.7990553,3.67224,9.45535,,,
1541121447.9154885,3.67201,9.45612,,,
1541121448.0024033,3.67201,9.45612,0,0,0
1541121448.092539,3.67201,9.45612,,,
1541121448.1962705,3.67172,9.45663,,,
1541121448.3026433,3.67172,9.45663,,,
1541121448.3925242,3.67172,9.45663,,,
1541121448.4912686,3.67142,9.45663,,,
1541121448.5913994,3.67142,9.4574,,,
1541121448.7341263,3.67142,9.4574,,,
1541121448.8251584,3.67111,9.4574,,,
1541121448.8962526,3.67111,9.45842,,,
1541121448.9922788,3.67111,9.45842,0,0,0
1541121449.1037662,3.67111,9.45842,,,
1541121449.1936612,3.67081,9.45842,,,
1541121449.2931619,3.67081,9.4592,,,
1541121449.3923943,3.67081,9.4592,,,
1541121449.5079634,3.6705,9.4592,,,
1541121449.608226,3.6705,9.4597,,,
1541121449.6940346,3.6705,9.4597,,,
1541121449.7933893,3.6705,9.4597,,,
1541121449.8943937,3.6702,9.46048,,,
1541121450.0036447,3.6702,9.46048,0,0,0
1541121450.095014,3.6702,9.46048,,,
1541121450.194019,3.66991,9.46048,,,
1541121450.2953794,3.66991,9.4615,,,
1541121450.419093,3.66991,9.4615,,,
1541121450.532508,3.6696,9.4615,,,
1541121450.5966334,3.6696,9.46252,,,
1541121450.6970367,3.6696,9.46252,,,
1541121450.8160295,3.6696,9.46252,,,
1541121450.8971617,3.6693,9.46278,,,
1541121450.9979246,3.6693,9.46278,0,0,0
1541121451.0969064,3.6693,9.46278,,,
1541121451.2061377,3.66899,9.46278,,,
1541121451.3162727,3.66899,9.46355,,,
1541121451.3991463,3.66899,9.46355,,,
1541121451.5008836,3.66899,9.46355,,,
1541121451.600649,3.66869,9.46457,,,
1541121451.7130086,3.66869,9.46457,,,
1541121451.7970133,3.66869,9.46457,,,
1541121451.89837,3.66838,9.46561,,,
1541121451.9981208,3.66838,9.46561,0,0,0
1541121452.1211247,3.66838,9.46561,,,
1541121452.199523,3.66809,9.46561,,,
1541121452.299147,3.66809,9.46663,,,
1541121452.3980162,3.66809,9.46663,,,
1541121452.5173662,3.66779,9.46663,,,
1541121452.597766,3.66779,9.46765,,,
1541121452.6981196,3.66779,9.46765,,,
1541121452.799493,3.66779,9.46765,,,
1541121452.9261162,3.66748,9.46791,,,
1541121453.0183754,3.66748,9.46791,0,0,0
1541121453.09914,3.66748,9.46791,,,
1541121453.199128,3.6671,9.46791,,,
1541121453.2998798,3.6671,9.46893,,,
1541121453.4081614,3.6671,9.46893,,,
1541121453.4991364,3.6671,9.46893,,,
1541121453.6005337,3.66687,9.46945,,,
1541121453.7235353,3.66687,9.46945,,,
1541121453.8206484,3.66687,9.46945,,,
1541121453.9034057,3.66656,9.46996,,,
1541121453.999273,3.66656,9.46996,0,0,0
1541121454.0992537,3.66656,9.46996,,,
1541121454.2105112,3.66628,9.46996,,,
1541121454.3008943,3.66628,9.47073,,,
1541121454.3996449,3.66628,9.47073,,,
1541121454.5246203,3.66628,9.47073,,,
1541121454.610759,3.66597,9.47202,,,
1541121454.7250352,3.66597,9.47202,,,
1541121454.8024871,3.66597,9.47202,,,
1541121454.9017763,3.66566,9.47252,,,
1541121455.0071008,3.66566,9.47252,0,0,0
1541121455.118184,3.66566,9.47252,,,
1541121455.2023976,3.66536,9.47252,,,
1541121455.3264873,3.66536,9.47304,,,
1541121455.40699,3.66536,9.47304,,,
1541121455.5085373,3.66536,9.47304,,,
1541121455.602485,3.66505,9.4738,,,
1541121455.7026174,3.66505,9.4738,,,
1541121455.8026457,3.66505,9.4738,,,
1541121455.926865,3.66475,9.47482,,,
1541121456.0082698,3.66475,9.47482,0,0,0
1541121456.12349,3.66475,9.47482,,,
1541121456.20912,3.66446,9.47482,,,
1541121456.3197463,3.66446,9.4756,,,
1541121456.404613,3.66446,9.4756,,,
1541121456.5054777,3.66446,9.4756,,,
1541121456.6072354,3.66415,9.4761,,,
1541121456.7102249,3.66415,9.4761,,,
1541121456.824131,3.66415,9.4761,,,
1541121456.9267657,3.66385,9.47688,,,
1541121457.0140426,3.66385,9.47688,0,0,0
1541121457.106091,3.66385,9.47688,,,
1541121457.2145808,3.66354,9.47688,,,
1541121457.307007,3.66354,9.47791,,,
1541121457.4061663,3.66354,9.47791,,,
1541121457.5065658,3.66354,9.47791,,,
1541121457.6096787,3.66324,9.47867,,,
1541121457.723402,3.66324,9.47867,,,
1541121457.8162317,3.66324,9.47867,,,
1541121457.9072838,3.66293,9.47867,,,
1541121458.021581,3.66293,9.47919,0,0,0
1541121458.1311986,3.66293,9.47919,,,
1541121458.2085743,3.66264,9.47919,,,
1541121458.308028,3.66264,9.47995,,,
1541121458.4119747,3.66264,9.47995,,,
1541121458.5341077,3.66264,9.47995,,,
1541121458.6159976,3.66234,9.48097,,,
1541121458.7084339,3.66234,9.48097,,,
1541121458.8112366,3.66234,9.48097,,,
1541121458.9175754,3.66203,9.48097,,,
1541121459.0086174,3.66203,9.48201,0,0,0
1541121459.1096466,3.66203,9.48201,,,
1541121459.2091196,3.66173,9.48201,,,
1541121459.3493097,3.66173,9.48303,,,
1541121459.4389672,3.66173,9.48303,,,
1541121459.5123386,3.66173,9.48303,,,
1541121459.6090798,3.66142,9.4838,,,
1541121459.7200007,3.66142,9.4838,,,
1541121459.8094447,3.66142,9.4838,,,
1541121459.9095628,3.66112,9.4838,,,
1541121460.00985,3.66112,9.48431,0,0,0
1541121460.1269686,3.66112,9.48431,,,
1541121460.227843,3.66083,9.48431,,,
1541121460.3099363,3.66083,9.48508,,,
1541121460.4104471,3.66083,9.48508,,,
1541121460.5107157,3.66083,9.48508,,,
1541121460.6183465,3.66052,9.48586,,,
1541121460.7127116,3.66052,9.48586,,,
1541121460.8122182,3.66052,9.48586,,,
1541121460.9114814,3.66022,9.48586,,,
1541121461.0546598,3.66022,9.48636,0,0,0
1541121461.145836,3.66022,9.48636,,,
1541121461.2129354,3.66022,9.48636,,,
1541121461.3122065,3.65991,9.48714,,,
1541121461.4269726,3.65991,9.48714,,,
1541121461.5366833,3.65991,9.48714,,,
1541121461.618823,3.65961,9.48816,,,
1541121461.7190514,3.65961,9.48816,,,
1541121461.817778,3.65961,9.48816,,,
1541121461.941309,3.6593,9.48816,,,
1541121462.0193245,3.6593,9.48892,0,0,0
1541121462.1178937,3.6593,9.48892,,,
1541121462.216678,3.6593,9.48892,,,
1541121462.336926,3.65901,9.48944,,,
1541121462.418054,3.65901,9.48944,,,
1541121462.5185559,3.65901,9.48944,,,
1541121462.6180606,3.65871,9.4902,,,
1541121462.746412,3.65871,9.4902,,,
1541121462.8370516,3.65871,9.4902,,,
1541121462.9184544,3.6584,9.4902,,,
1541121463.0188255,3.6584,9.49123,0,0,0
1541121463.120081,3.6584,9.49123,,,
1541121463.228229,3.6581,9.49123,,,
1541121463.318926,3.6581,9.492,,,
1541121463.4191947,3.6581,9.492,,,
1541121463.5414987,3.6581,9.492,,,
1541121463.6399305,3.65779,9.49251,,,
1541121463.7239225,3.65779,9.49251,,,
1541121463.8191907,3.65779,9.49251,,,
1541121463.91994,3.65749,9.49251,,,
1541121464.030665,3.65749,9.49329,0,0,0
1541121464.1195502,3.65749,9.49329,,,
1541121464.2188098,3.65749,9.49329,,,
1541121464.3428779,3.6572,9.49431,,,
1541121464.4261892,3.6572,9.49431,,,
1541121464.5365489,3.6572,9.49431,,,
1541121464.6199172,3.65689,9.49533,,,
1541121464.7203045,3.65689,9.49533,,,
1541121464.8203118,3.65689,9.49533,,,
1541121464.9292898,3.65659,9.49533,,,
1541121465.0219502,3.65659,9.49559,0,0,0
1541121465.1439943,3.65659,9.49559,,,
1541121465.222166,3.65659,9.49559,,,
1541121465.3248067,3.65628,9.49713,,,
1541121465.4222872,3.65628,9.49713,,,
1541121465.5214484,3.65628,9.49713,,,
1541121465.6226623,3.65598,9.49763,,,
1541121465.7365315,3.65598,9.49763,,,
1541121465.8231516,3.65598,9.49763,,,
1541121465.9447677,3.65567,9.49763,,,
1541121466.026433,3.65567,9.49867,0,0,0
1541121466.1304197,3.65567,9.49867,,,
1541121466.2394207,3.65567,9.49867,,,
1541121466.3226428,3.65538,9.49944,,,
1541121466.4239879,3.65538,9.49944,,,
1541121466.523998,3.65538,9.49944,,,
1541121466.6300538,3.655,9.50046,,,
1541121466.7437665,3.655,9.50046,,,
1541121466.8350198,3.655,9.50046,,,
1541121466.9244237,3.65469,9.50046,,,
1541121467.04088,3.65469,9.50072,0,0,0
1541121467.1250098,3.65469,9.50072,,,
1541121467.2249296,3.65469,9.50072,,,
1541121467.3236103,3.65446,9.50174,,,
1541121467.4312582,3.65446,9.50174,,,
1541121467.5502853,3.65446,9.50174,,,
1541121467.640396,3.65416,9.5025,,,
1541121467.7257965,3.65416,9.5025,,,
1541121467.8260455,3.65416,9.5025,,,
1541121467.933647,3.65385,9.5025,,,
1541121468.0259116,3.65385,9.50354,0,0,0
1541121468.1269202,3.65385,9.50354,,,
1541121468.2267873,3.65385,9.50354,,,
1541121468.3660102,3.65356,9.50378,,,
1541121468.4585207,3.65356,9.50378,,,
1541121468.529136,3.65356,9.50378,,,
1541121468.6260278,3.65326,9.50482,,,
1541121468.7411516,3.65326,9.50482,,,
1541121468.8522434,3.65326,9.50482,,,
1541121468.9288716,3.65295,9.50482,,,
1541121469.0278516,3.65295,9.50558,0,0,0
1541121469.1377866,3.65295,9.50558,,,
1541121469.2393618,3.65295,9.50558,,,
1541121469.3280578,3.65265,9.50661,,,
1541121469.4280717,3.65265,9.50661,,,
1541121469.5280442,3.65265,9.50661,,,
1541121469.6511216,3.65234,9.50687,,,
1541121469.7350183,3.65234,9.50687,,,
1541121469.8288789,3.65234,9.50687,,,
1541121469.9328775,3.65204,9.50687,,,
1541121470.060852,3.65204,9.50789,0,0,0
1541121470.1473718,3.65204,9.50789,,,
1541121470.2281544,3.65204,9.50789,,,
1541121470.32988,3.65175,9.50841,,,
1541121470.4298904,3.65175,9.50841,,,
1541121470.538218,3.65175,9.50841,,,
1541121470.6290033,3.65144,9.50841,,,
1541121470.729511,3.65144,9.50891,,,
1541121470.831326,3.65144,9.50891,,,
1541121470.970749,3.65114,9.50891,,,
1541121471.0629816,3.65114,9.50969,0,0,0
1541121471.1323628,3.65114,9.50969,,,
1541121471.229635,3.65114,9.50969,,,
1541121471.3398967,3.65083,9.51071,,,
1541121471.4298894,3.65083,9.51071,,,
1541121471.529886,3.65083,9.51071,,,
1541121471.630895,3.65053,9.51071,,,
1541121471.736633,3.65053,9.51147,,,
1541121471.8500614,3.65053,9.51147,,,
1541121471.9311101,3.65053,9.51147,,,
1541121472.0312614,3.65022,9.51225,0,0,0
1541121472.1308773,3.65022,9.51225,,,
1541121472.2398891,3.65022,9.51225,,,
1541121472.3320985,3.64993,9.51353,,,
1541121472.43127,3.64993,9.51353,,,
1541121472.5311077,3.64993,9.51353,,,
1541121472.6715512,3.64963,9.51404,,,
1541121472.7659972,3.64963,9.51404,,,
1541121472.8338711,3.64963,9.51404,,,
1541121472.9321024,3.64963,9.51404,,,
1541121473.0469644,3.64932,9.51482,0,0,0
1541121473.1333506,3.64932,9.51482,,,
1541121473.2334695,3.64932,9.51482,,,
1541121473.3333464,3.64902,9.51584,,,
1541121473.4411,3.64902,9.51584,,,
1541121473.5565825,3.64902,9.51584,,,
1541121473.6359725,3.64864,9.51584,,,
1541121473.7339706,3.64864,9.5166,,,
1541121473.8372123,3.64864,9.5166,,,
1541121473.943994,3.64841,9.5166,,,
1541121474.0351136,3.64841,9.51712,0,0,0
1541121474.1353598,3.64841,9.51712,,,
1541121474.2340884,3.64841,9.51712,,,
1541121474.3738914,3.64812,9.51788,,,
1541121474.4385967,3.64812,9.51788,,,
1541121474.5365825,3.64812,9.51788,,,
1541121474.6359854,3.64781,9.51788,,,
1541121474.7472205,3.64781,9.51892,,,
1541121474.8592353,3.64781,9.51892,,,
1541121474.9382749,3.64781,9.51892,,,
1541121475.036884,3.64751,9.51968,0,0,0
1541121475.1624305,3.64751,9.51968,,,
1541121475.2484908,3.64751,9.51968,,,
1541121475.3369725,3.6472,9.5202,,,
1541121475.4370897,3.6472,9.5202,,,
1541121475.5369642,3.6472,9.5202,,,
1541121475.6459742,3.6469,9.5202,,,
1541121475.7362328,3.6469,9.52097,,,
1541121475.8373408,3.6469,9.52097,,,
1541121475.9593558,3.6469,9.52097,,,
1541121476.0394888,3.64659,9.52199,0,0,0
1541121476.1381574,3.64659,9.52199,,,
1541121476.2381096,3.64659,9.52199,,,
1541121476.338159,3.6463,9.52277,,,
1541121476.4519932,3.6463,9.52277,,,
1541121476.5619872,3.6463,9.52277,,,
1541121476.639065,3.646,9.52277,,,
1541121476.756922,3.646,9.52327,,,
1541121476.843088,3.646,9.52327,,,
1541121476.9575424,3.646,9.52327,,,
1541121477.0390596,3.64569,9.52405,0,0,0
1541121477.1390696,3.64569,9.52405,,,
1541121477.2393155,3.64569,9.52405,,,
1541121477.3458297,3.64539,9.52507,,,
1541121477.439865,3.64539,9.52507,,,
1541121477.5541384,3.64539,9.52507,,,
1541121477.6470714,3.64508,9.52507,,,
1541121477.7579954,3.64508,9.52583,,,
1541121477.8387046,3.64508,9.52583,,,
1541121477.93894,3.64508,9.52583,,,
1541121478.039217,3.64478,9.52635,0,0,0
1541121478.1481931,3.64478,9.52635,,,
1541121478.257086,3.64478,9.52635,,,
1541121478.352997,3.64449,9.52711,,,
1541121478.4480896,3.64449,9.52711,,,
1541121478.542227,3.64449,9.52711,,,
1541121478.649475,3.64418,9.52711,,,
1541121478.7405617,3.64418,9.52814,,,
1541121478.8405583,3.64418,9.52814,,,
1541121478.9411826,3.64418,9.52814,,,
1541121479.0610611,3.64388,9.52916,0,0,0
1541121479.152414,3.64388,9.52916,,,
1541121479.2539773,3.64388,9.52916,,,
1541121479.3409734,3.64357,9.52916,,,
1541121479.451597,3.64357,9.5302,,,
1541121479.5425742,3.64357,9.5302,,,
1541121479.6419752,3.64326,9.5302,,,
1541121479.742229,3.64326,9.53096,,,
1541121479.851811,3.64326,9.53096,,,
1541121479.947496,3.64326,9.53096,,,
1541121480.0645452,3.64296,9.53148,0,0,0
1541121480.1587055,3.64296,9.53148,,,
1541121480.251475,3.64296,9.53148,,,
1541121480.36045,3.64267,9.53148,,,
1541121480.4425664,3.64267,9.53224,,,
1541121480.544197,3.64267,9.53224,,,
1541121480.6440802,3.64229,9.53224,,,
1541121480.752032,3.64229,9.53352,,,
1541121480.8443174,3.64229,9.53352,,,
1541121480.9667578,3.64229,9.53352,,,
1541121481.07216,3.64206,9.53404,0,0,0
1541121481.175549,3.64206,9.53404,,,
1541121481.24869,3.64206,9.53404,,,
1541121481.3467898,3.64175,9.53404,,,
1541121481.4465547,3.64175,9.53455,,,
1541121481.557655,3.64175,9.53455,,,
1541121481.6691778,3.64145,9.53455,,,
1541121481.7481863,3.64145,9.53532,,,
1541121481.8468266,3.64145,9.53532,,,
1541121481.9694533,3.64145,9.53532,,,
1541121482.0672178,3.64114,9.53635,0,0,0
1541121482.148796,3.64114,9.53635,,,
1541121482.2477658,3.64114,9.53635,,,
1541121482.347282,3.64085,9.53635,,,
1541121482.4559162,3.64085,9.53711,,,
1541121482.5468113,3.64085,9.53711,,,
1541121482.646781,3.64085,9.53711,,,
1541121482.7703717,3.64055,9.53763,,,
1541121482.868028,3.64055,9.53763,,,
1541121482.948061,3.64055,9.53763,0,0,0
1541121483.0482965,3.64024,9.53839,,,
1541121483.1484377,3.64024,9.53839,,,
1541121483.2572787,3.64024,9.53839,,,
1541121483.347969,3.63994,9.53839,,,
1541121483.4489083,3.63994,9.53967,,,
1541121483.5714924,3.63994,9.53967,,,
1541121483.6583118,3.63963,9.53967,,,
1541121483.7668245,3.63963,9.54019,,,
1541121483.848033,3.63963,9.54019,,,
1541121483.949154,3.63963,9.54019,,,
1541121484.0491605,3.63933,9.5407,0,0,0
1541121484.1561613,3.63933,9.5407,,,
1541121484.24978,3.63933,9.5407,,,
1541121484.3721251,3.63904,9.5407,,,
1541121484.4511635,3.63904,9.54147,,,
1541121484.5720701,3.63904,9.54147,,,
1541121484.6550307,3.63904,9.54147,,,
1541121484.749021,3.63873,9.5425,,,
1541121484.849666,3.63873,9.5425,,,
1541121484.962692,3.63873,9.5425,,,
1541121485.0500302,3.63843,9.54352,0,0,0
1541121485.17451,3.63843,9.54352,,,
1541121485.253903,3.63843,9.54352,,,
1541121485.358054,3.63812,9.54352,,,
1541121485.4677176,3.63812,9.54454,,,
1541121485.5515633,3.63812,9.54454,,,
1541121485.6515183,3.63812,9.54454,,,
1541121485.751156,3.63782,9.54532,,,
1541121485.859778,3.63782,9.54532,,,
1541121485.9750366,3.63782,9.54532,,,
1541121486.0561337,3.63751,9.54582,0,0,0
1541121486.1519303,3.63751,9.54582,,,
1541121486.2724295,3.63751,9.54582,,,
1541121486.3558152,3.63722,9.54582,,,
1541121486.4523993,3.63722,9.5466,,,
1541121486.5529068,3.63722,9.5466,,,
1541121486.6617746,3.63722,9.5466,,,
1541121486.7822306,3.63692,9.54762,,,
1541121486.8610418,3.63692,9.54762,,,
1541121486.9541438,3.63692,9.54762,,,
1541121487.0648935,3.63661,9.54839,0,0,0
1541121487.1726732,3.63661,9.54839,,,
1541121487.2542682,3.63661,9.54839,,,
1541121487.3544967,3.63631,9.54839,,,
1541121487.454508,3.63631,9.5489,,,
1541121487.5750294,3.63631,9.5489,,,
1541121487.666755,3.63631,9.5489,,,
1541121487.755495,3.636,9.54967,,,
1541121487.8551385,3.636,9.54967,,,
1541121487.9742656,3.636,9.54967,,,
1541121488.0554914,3.6357,9.5507,0,0,0
1541121488.1543763,3.6357,9.5507,,,
1541121488.255863,3.6357,9.5507,,,
1541121488.3782163,3.63541,9.5507,,,
1541121488.4690318,3.63541,9.55147,,,
1541121488.5567832,3.63541,9.55147,,,
1541121488.6568806,3.63541,9.55147,,,
1541121488.758082,3.6351,9.55197,,,
1541121488.865783,3.6351,9.55197,,,
1541121488.957002,3.6351,9.55197,,,
1541121489.0572543,3.6348,9.55249,0,0,0
1541121489.161484,3.6348,9.55249,,,
1541121489.2987623,3.6348,9.55249,,,
1541121489.3881316,3.63449,9.55249,,,
1541121489.4596407,3.63449,9.55377,,,
1541121489.5580132,3.63449,9.55377,,,
1541121489.672007,3.63449,9.55377,,,
1541121489.7810106,3.63419,9.55453,,,
1541121489.8596292,3.63419,9.55453,,,
1541121489.958389,3.63419,9.55453,,,
1541121490.0678892,3.63388,9.55505,0,0,0
1541121490.1747763,3.63388,9.55505,,,
1541121490.2580016,3.63388,9.55505,,,
1541121490.3589845,3.63359,9.55505,,,
1541121490.4590988,3.63359,9.55557,,,
1541121490.5667343,3.63359,9.55557,,,
1541121490.6591039,3.63359,9.55557,,,
1541121490.7588525,3.63329,9.55685,,,
1541121490.859493,3.63329,9.55685,,,
1541121490.9788644,3.63329,9.55685,,,
1541121491.0656958,3.63298,9.55685,0,0,0
1541121491.15999,3.63298,9.55762,,,
1541121491.2598548,3.63298,9.55762,,,
1541121491.3717628,3.63268,9.55762,,,
1541121491.4598591,3.63268,9.55814,,,
1541121491.5606134,3.63268,9.55814,,,
1541121491.6592457,3.63268,9.55814,,,
1541121491.7848496,3.63245,9.55942,,,
1541121491.8797715,3.63245,9.55942,,,
1541121491.960776,3.63245,9.55942,0,0,0
1541121492.0608714,3.63214,9.55942,,,
1541121492.1634786,3.63214,9.56018,,,
1541121492.2709978,3.63214,9.56018,,,
1541121492.3628829,3.63214,9.56018,,,
1541121492.4610023,3.63185,9.5607,,,
1541121492.585182,3.63185,9.5607,,,
1541121492.684242,3.63185,9.5607,,,
1541121492.7661219,3.63155,9.56198,,,
1541121492.8610928,3.63155,9.56198,,,
1541121492.96186,3.63155,9.56198,,,
1541121493.073111,3.63124,9.56274,0,0,0
1541121493.164241,3.63124,9.56274,,,
1541121493.2622159,3.63124,9.56274,,,
1541121493.3868046,3.63094,9.56274,,,
1541121493.4695761,3.63094,9.56326,,,
1541121493.576266,3.63094,9.56326,,,
1541121493.6669376,3.63094,9.56326,,,
1541121493.7681189,3.63063,9.56377,,,
1541121493.8670633,3.63063,9.56377,,,
1541121493.989037,3.63063,9.56377,0,0,0
1541121494.0705664,3.63033,9.56377,,,
1541121494.1966155,3.63033,9.56479,,,
1541121494.271196,3.63033,9.56479,,,
1541121494.3792977,3.63004,9.56479,,,
1541121494.4929252,3.63004,9.56583,,,
1541121494.573813,3.63004,9.56583,,,
1541121494.669754,3.63004,9.56583,,,
1541121494.7751632,3.62973,9.56633,,,
1541121494.8872483,3.62973,9.56633,,,
1541121494.9705408,3.62973,9.56633,0,0,0
1541121495.070175,3.62943,9.56633,,,
1541121495.1707687,3.62943,9.56685,,,
1541121495.2764611,3.62943,9.56685,,,
1541121495.368835,3.62943,9.56685,,,
1541121495.4680755,3.62912,9.56787,,,
1541121495.5692353,3.62912,9.56787,,,
1541121495.6961768,3.62912,9.56787,,,
1541121495.7787814,3.62881,9.56889,,,
1541121495.8704724,3.62881,9.56889,,,
1541121495.9711921,3.62881,9.56889,0,0,0
1541121496.0838103,3.62851,9.56889,,,
1541121496.1710737,3.62851,9.56941,,,
1541121496.2720106,3.62851,9.56941,,,
1541121496.3710623,3.62851,9.56941,,,
1541121496.5033069,3.62822,9.56992,,,
1541121496.5852683,3.62822,9.56992,,,
1541121496.6734533,3.62822,9.56992,,,
1541121496.7729492,3.62791,9.57095,,,
1541121496.8765907,3.62791,9.57095,,,
1541121496.9800801,3.62791,9.57095,0,0,0
1541121497.0726864,3.62761,9.57095,,,
1541121497.1733294,3.62761,9.57172,,,
1541121497.2910125,3.62761,9.57172,,,
1541121497.3969269,3.6273,9.57172,,,
1541121497.49943,3.6273,9.57248,,,
1541121497.5796945,3.6273,9.57248,,,
1541121497.6760736,3.6273,9.57248,,,
1541121497.7826,3.627,9.573,,,
1541121497.8940716,3.627,9.573,,,
1541121497.9764402,3.627,9.573,0,0,0
1541121498.0914254,3.62669,9.573,,,
1541121498.1844435,3.62669,9.57402,,,
1541121498.282316,3.62669,9.57402,,,
1541121498.376195,3.62669,9.57402,,,
1541121498.4761908,3.6264,9.57504,,,
1541121498.5761883,3.6264,9.57504,,,
1541121498.6985533,3.6264,9.57504,,,
1541121498.7804372,3.6261,9.57608,,,
1541121498.888835,3.6261,9.57608,,,
1541121498.986051,3.6261,9.57608,0,0,0
1541121499.0884247,3.62579,9.57608,,,
1541121499.20283,3.62579,9.57684,,,
1541121499.2824566,3.62579,9.57684,,,
1541121499.381432,3.62579,9.57684,,,
1541121499.4824278,3.62549,9.57761,,,
1541121499.591287,3.62549,9.57761,,,
1541121499.6887536,3.62549,9.57761,,,
1541121499.7927902,3.62518,9.57813,,,
1541121499.8826942,3.62518,9.57813,,,
1541121499.9867954,3.62518,9.57813,0,0,0
1541121500.0833008,3.62495,9.57813,,,
1541121500.182069,3.62495,9.57915,,,
1541121500.2838008,3.62495,9.57915,,,
1541121500.3978345,3.62495,9.57915,,,
1541121500.488326,3.62465,9.57991,,,
1541121500.5976996,3.62465,9.57991,,,
1541121500.684434,3.62465,9.57991,,,
1541121500.798428,3.62428,9.58043,,,
1541121500.8844209,3.62428,9.58043,,,
1541121500.9856744,3.62428,9.58043,0,0,0
1541121501.0849183,3.62398,9.58043,,,
1541121501.193038,3.62398,9.58119,,,
1541121501.3100505,3.62398,9.58119,,,
1541121501.408691,3.62398,9.58119,,,
1541121501.488571,3.62367,9.58223,,,
1541121501.5879333,3.62367,9.58223,,,
1541121501.69233,3.62367,9.58223,,,
1541121501.7884147,3.62337,9.58299,,,
1541121501.8886862,3.62337,9.58299,,,
1541121501.9877641,3.62337,9.58299,0,0,0
1541121502.1084564,3.62314,9.58299,,,
1541121502.2143996,3.62314,9.58351,,,
1541121502.2927814,3.62314,9.58351,,,
1541121502.3931673,3.62314,9.58351,,,
1541121502.4929209,3.62285,9.58401,,,
1541121502.6036563,3.62285,9.58401,,,
1541121502.695813,3.62285,9.58401,,,
1541121502.7950034,3.62254,9.58504,,,
1541121502.8956742,3.62254,9.58504,,,
1541121503.0140386,3.62254,9.58504,0,0,0
1541121503.0938983,3.62224,9.58504,,,
1541121503.1939363,3.62224,9.58607,,,
1541121503.295929,3.62224,9.58607,,,
1541121503.409042,3.62224,9.58607,,,
1541121503.4956512,3.62193,9.58658,,,
1541121503.5955489,3.62193,9.58658,,,
1541121503.6956663,3.62193,9.58658,,,
1541121503.8219345,3.62163,9.5871,,,
1541121503.9092808,3.62163,9.5871,,,
1541121504.0019264,3.62163,9.5871,0,0,0
1541121504.100758,3.62132,9.5871,,,
1541121504.2011337,3.62132,9.58812,,,
1541121504.322401,3.62132,9.58812,,,
1541121504.4057746,3.62132,9.58812,,,
1541121504.501421,3.62103,9.58914,,,
1541121504.624351,3.62103,9.58914,,,
1541121504.716894,3.62103,9.58914,,,
1541121504.8220289,3.62073,9.58966,,,
1541121504.9031372,3.62073,9.58966,,,
1541121505.0046458,3.62073,9.58966,0,0,0
1541121505.1049109,3.62042,9.58966,,,
1541121505.2136784,3.62042,9.59068,,,
1541121505.3048925,3.62042,9.59068,,,
1541121505.4286466,3.62042,9.59068,,,
1541121505.5079072,3.62012,9.59196,,,
1541121505.606905,3.62012,9.59196,,,
1541121505.7060196,3.62012,9.59196,,,
1541121505.8061483,3.61981,9.59273,,,
1541121505.906014,3.61981,9.59273,,,
1541121506.0196753,3.61981,9.59273,0,0,0
1541121506.1058946,3.61958,9.59273,,,
1541121506.2291648,3.61958,9.59325,,,
1541121506.3085375,3.61958,9.59325,,,
1541121506.4191473,3.61958,9.59325,,,
1541121506.529767,3.61928,9.59427,,,
1541121506.608913,3.61928,9.59427,,,
1541121506.7072558,3.61928,9.59427,,,
1541121506.814754,3.61899,9.59505,,,
1541121506.9251373,3.61899,9.59505,,,
1541121507.0297642,3.61899,9.59505,0,0,0
1541121507.1096592,3.61868,9.59505,,,
1541121507.208127,3.61868,9.59581,,,
1541121507.3129919,3.61868,9.59581,,,
1541121507.4083188,3.61868,9.59581,,,
1541121507.5138888,3.61838,9.59633,,,
1541121507.6085172,3.61838,9.59633,,,
1541121507.7256758,3.61838,9.59633,,,
1541121507.8455448,3.61807,9.59633,,,
1541121507.9139464,3.61807,9.59735,,,
1541121508.0096529,3.61807,9.59735,0,0,0
1541121508.1219845,3.61777,9.59735,,,
1541121508.2266269,3.61777,9.59811,,,
1541121508.3102846,3.61777,9.59811,,,
1541121508.4107919,3.61777,9.59811,,,
1541121508.510979,3.61746,9.59889,,,
1541121508.6299105,3.61746,9.59889,,,
1541121508.7209551,3.61746,9.59889,,,
1541121508.8109343,3.61717,9.59889,,,
1541121508.9108355,3.61717,9.5994,,,
1541121509.0296233,3.61717,9.5994,0,0,0
1541121509.1140392,3.61687,9.5994,,,
1541121509.2121396,3.61687,9.60017,,,
1541121509.3120399,3.61687,9.60017,,,
1541121509.439635,3.61687,9.60017,,,
1541121509.5269864,3.61656,9.6012,,,
1541121509.6129246,3.61656,9.6012,,,
1541121509.7129989,3.61656,9.6012,,,
1541121509.8150656,3.61626,9.6012,,,
1541121509.9217615,3.61626,9.60196,,,
1541121510.0132363,3.61626,9.60196,0,0,0
1541121510.1130784,3.61626,9.60196,,,
1541121510.2215216,3.61595,9.60248,,,
1541121510.3592117,3.61595,9.60248,,,
1541121510.444069,3.61595,9.60248,,,
1541121510.515802,3.61565,9.60324,,,
1541121510.6131094,3.61565,9.60324,,,
1541121510.7257533,3.61565,9.60324,,,
1541121510.8355315,3.61536,9.60324,,,
1541121510.914941,3.61536,9.60426,,,
1541121511.0131044,3.61536,9.60426,0,0,0
1541121511.1275115,3.61536,9.60426,,,
1541121511.2275455,3.61505,9.60504,,,
1541121511.3141086,3.61505,9.60504,,,
1541121511.4135268,3.61505,9.60504,,,
1541121511.5140636,3.61475,9.60555,,,
1541121511.6231167,3.61475,9.60555,,,
1541121511.7137616,3.61475,9.60555,,,
1541121511.815524,3.61444,9.60555,,,
1541121511.9186661,3.61444,9.60709,,,
1541121512.0306969,3.61444,9.60709,0,0,0
1541121512.1161888,3.61444,9.60709,,,
1541121512.2156217,3.61414,9.6076,,,
1541121512.3151746,3.61414,9.6076,,,
1541121512.430468,3.61414,9.6076,,,
1541121512.51804,3.61383,9.60837,,,
1541121512.6179068,3.61383,9.60837,,,
1541121512.7157023,3.61383,9.60837,,,
1541121512.8372111,3.61354,9.60837,,,
1541121512.9335685,3.61354,9.60939,,,
1541121513.0181653,3.61354,9.60939,0,0,0
1541121513.1180334,3.61354,9.60939,,,
1541121513.220479,3.61324,9.61017,,,
1541121513.3269856,3.61324,9.61017,,,
1541121513.4183168,3.61324,9.61017,,,
1541121513.5181081,3.61301,9.61041,,,
1541121513.6364639,3.61301,9.61041,,,
1541121513.7385705,3.61301,9.61041,,,
1541121513.8233242,3.61263,9.61041,,,
1541121513.918621,3.61263,9.61145,,,
1541121514.018956,3.61263,9.61145,0,0,0
1541121514.1301258,3.61263,9.61145,,,
1541121514.2188582,3.61232,9.61247,,,
1541121514.3194711,3.61232,9.61247,,,
1541121514.4414663,3.61232,9.61247,,,
1541121514.5258229,3.61201,9.61324,,,
1541121514.6370952,3.61201,9.61324,,,
1541121514.720599,3.61201,9.61324,,,
1541121514.8209417,3.6118,9.61324,,,
1541121514.920939,3.6118,9.61349,,,
1541121515.0273716,3.6118,9.61349,0,0,0
1541121515.120981,3.6118,9.61349,,,
1541121515.2482462,3.6115,9.61452,,,
1541121515.328331,3.6115,9.61452,,,
1541121515.4464636,3.6115,9.61452,,,
1541121515.5263174,3.61119,9.61554,,,
1541121515.626472,3.61119,9.61554,,,
1541121515.726603,3.61119,9.61554,,,
1541121515.8360956,3.61089,9.61554,,,
1541121515.9444675,3.61089,9.61658,,,
1541121516.1397307,3.61089,9.61658,,,
1541121516.2883062,3.58267,11.2439,,,
1541121516.4428234,3.58267,11.2439,,,
1541121516.5981255,3.55217,12.5906,,,
1541121516.7490501,3.55217,12.5906,,,
1541121516.9009316,3.54999,12.598,,,
1541121517.07105,3.54999,12.598,,,
1541121517.2225993,3.54832,12.6039,,,
1541121517.3779664,3.54832,12.6039,,,
1541121517.5291848,3.5468,12.6096,,,
1541121517.5990555,3.5468,12.6096,0,0,0
1541121517.6989605,3.5468,12.6096,0,0,0
1541121517.798457,3.5468,12.6096,,,
1541121517.9407666,3.58894,10.182,,,
1541121518.0345569,3.58894,10.182,0,0,0
1541121518.0982091,3.58894,10.182,,,
1541121518.198693,3.60309,9.63657,,,
1541121518.3095484,3.60309,9.63657,,,
1541121518.4226892,3.60309,9.63657,,,
1541121518.4993224,3.60362,9.63657,,,
1541121518.5988255,3.60362,9.63554,,,
1541121518.7062814,3.60362,9.63554,,,
1541121518.821177,3.60362,9.63554,,,
1541121518.8995802,3.60385,9.63477,,,
1541121518.999289,3.60385,9.63477,0,0,0
1541121519.0991886,3.60385,9.63477,,,
1541121519.2073076,3.60393,9.63477,,,
1541121519.2995617,3.60393,9.63477,,,
1541121519.3990564,3.60393,9.63477,,,
1541121519.4994419,3.60393,9.63477,,,
1541121519.6392853,3.60393,9.63477,,,
1541121519.7024221,3.60393,9.63477,,,
1541121519.7990267,3.60393,9.63477,,,
1541121519.8994343,3.60385,9.63503,,,
1541121520.009193,3.60385,9.63503,0,0,0
1541121520.100575,3.60385,9.63503,,,
1541121520.1994247,3.6037,9.63503,,,
1541121520.2994502,3.6037,9.63554,,,
1541121520.4305665,3.6037,9.63554,,,
1541121520.5225353,3.60355,9.63554,,,
1541121520.6023111,3.60355,9.63579,,,
1541121520.702272,3.60355,9.63579,,,
1541121520.8060453,3.60355,9.63579,,,
1541121520.918053,3.60339,9.63579,,,
1541121521.002448,3.60339,9.63579,0,0,0
1541121521.1015742,3.60339,9.63579,,,
1541121521.2248938,3.60324,9.63579,,,
1541121521.3084214,3.60324,9.63605,,,
1541121521.401529,3.60324,9.63605,,,
1541121521.502281,3.60324,9.63605,,,
1541121521.6035736,3.60309,9.63657,,,
1541121521.7255602,3.60309,9.63657,,,
1541121521.8076363,3.60309,9.63657,,,
1541121521.9029088,3.60287,9.63733,,,
1541121522.0215113,3.60287,9.63733,0,0,0
1541121522.115786,3.60287,9.63733,,,
1541121522.2047627,3.60265,9.63733,,,
1541121522.3032777,3.60265,9.63785,,,
1541121522.4035304,3.60265,9.63785,,,
1541121522.5095391,3.60249,9.63785,,,
1541121522.622566,3.60249,9.63887,,,
1541121522.706304,3.60249,9.63887,,,
1541121522.826933,3.60249,9.63887,,,
1541121522.9157815,3.60219,9.63963,,,
1541121523.0147662,3.60219,9.63963,0,0,0
1541121523.105747,3.60219,9.63963,,,
1541121523.2069154,3.60196,9.63963,,,
1541121523.3063145,3.60196,9.64041,,,
1541121523.4088974,3.60196,9.64041,,,
1541121523.5076873,3.60196,9.64041,,,
1541121523.6180556,3.60173,9.64091,,,
1541121523.7152467,3.60173,9.64091,,,
1541121523.819138,3.60173,9.64091,,,
1541121523.9304156,3.6015,9.64117,,,
1541121524.0093954,3.6015,9.64117,0,0,0
1541121524.1095304,3.6015,9.64117,,,
1541121524.2094116,3.60127,9.64117,,,
1541121524.31806,3.60127,9.64169,,,
1541121524.4160051,3.60127,9.64169,,,
1541121524.5227535,3.60106,9.64169,,,
1541121524.6093857,3.60106,9.64272,,,
1541121524.7142446,3.60106,9.64272,,,
1541121524.81092,3.60106,9.64272,,,
1541121524.910134,3.60083,9.64323,,,
1541121525.0101306,3.60083,9.64323,0,0,0
1541121525.125125,3.60083,9.64323,,,
1541121525.2428544,3.60052,9.64323,,,
1541121525.3281217,3.60052,9.644,,,
1541121525.4106088,3.60052,9.644,,,
1541121525.5154843,3.60052,9.644,,,
1541121525.6272342,3.6003,9.64426,,,
1541121525.711524,3.6003,9.64426,,,
1541121525.8115227,3.6003,9.64426,,,
1541121525.9124818,3.59999,9.64502,,,
1541121526.0204363,3.59999,9.64502,0,0,0
1541121526.1551228,3.59999,9.64502,,,
1541121526.2332706,3.59976,9.64502,,,
1541121526.311778,3.59976,9.6458,,,
1541121526.4293659,3.59976,9.6458,,,
1541121526.513117,3.59976,9.6458,,,
1541121526.612152,3.59946,9.64682,,,
1541121526.7121406,3.59946,9.64682,,,
1541121526.819613,3.59946,9.64682,,,
1541121526.9333553,3.59924,9.64758,,,
1541121527.037775,3.59924,9.64758,0,0,0
1541121527.1164687,3.59924,9.64758,,,
1541121527.214234,3.59894,9.64758,,,
1541121527.3186326,3.59894,9.6481,,,
1541121527.414362,3.59894,9.6481,,,
1541121527.5135992,3.59894,9.6481,,,
1541121527.6145957,3.59871,9.64861,,,
1541121527.739555,3.59871,9.64861,,,
1541121527.8555276,3.59871,9.64861,,,
1541121527.919838,3.5984,9.64912,,,
1541121528.0161822,3.5984,9.64912,0,0,0
1541121528.1266408,3.5984,9.64912,,,
1541121528.2165177,3.59818,9.64912,,,
1541121528.31654,3.59818,9.65015,,,
1541121528.4170845,3.59818,9.65015,,,
1541121528.526531,3.59818,9.65015,,,
1541121528.641751,3.59787,9.65091,,,
1541121528.7218907,3.59787,9.65091,,,
1541121528.817289,3.59787,9.65091,,,
1541121528.9216821,3.59764,9.65143,,,
1541121529.0338001,3.59764,9.65143,0,0,0
1541121529.1178598,3.59764,9.65143,,,
1541121529.2181542,3.59735,9.65143,,,
1541121529.3180392,3.59735,9.65195,,,
1541121529.442377,3.59735,9.65195,,,
1541121529.5209122,3.59735,9.65195,,,
1541121529.6188211,3.59705,9.65297,,,
1541121529.7190762,3.59705,9.65297,,,
1541121529.835907,3.59705,9.65297,,,
1541121529.91905,3.59682,9.65373,,,
1541121530.0191689,3.59682,9.65373,0,0,0
1541121530.118844,3.59682,9.65373,,,
1541121530.2523344,3.59651,9.65373,,,
1541121530.3370638,3.59651,9.65475,,,
1541121530.4191582,3.59651,9.65475,,,
1541121530.519095,3.59651,9.65475,,,
1541121530.6210382,3.59621,9.65579,,,
1541121530.7277534,3.59621,9.65579,,,
1541121530.8196325,3.59621,9.65579,,,
1541121530.9196959,3.59598,9.65579,,,
1541121531.0434442,3.59598,9.6563,0,0,0
1541121531.1410604,3.59598,9.6563,,,
1541121531.2246072,3.59567,9.6563,,,
1541121531.3196485,3.59567,9.65681,,,
1541121531.4209177,3.59567,9.65681,,,
1541121531.53096,3.59567,9.65681,,,
1541121531.6210022,3.59546,9.65732,,,
1541121531.7228365,3.59546,9.65732,,,
1541121531.8410342,3.59546,9.65732,,,
1541121531.9320588,3.59515,9.65836,,,
1541121532.0385697,3.59515,9.65836,0,0,0
1541121532.122049,3.59515,9.65836,,,
1541121532.2221928,3.59485,9.65836,,,
1541121532.322383,3.59485,9.65938,,,
1541121532.4309247,3.59485,9.65938,,,
1541121532.5218244,3.59485,9.65938,,,
1541121532.6393418,3.59454,9.66014,,,
1541121532.7290192,3.59454,9.66014,,,
1541121532.8255918,3.59454,9.66014,,,
1541121532.922862,3.59424,9.66014,,,
1541121533.0234845,3.59424,9.6604,0,0,0
1541121533.1238914,3.59424,9.6604,,,
1541121533.238159,3.59401,9.6604,,,
1541121533.3238611,3.59401,9.66116,,,
1541121533.4414918,3.59401,9.66116,,,
1541121533.5339108,3.59401,9.66116,,,
1541121533.6374836,3.59372,9.66194,,,
1541121533.7257977,3.59372,9.66194,,,
1541121533.8240156,3.59372,9.66194,,,
1541121533.924609,3.59349,9.66194,,,
1541121534.0327303,3.59349,9.66296,0,0,0
1541121534.1431994,3.59349,9.66296,,,
1541121534.2447073,3.59349,9.66296,,,
1541121534.339287,3.59319,9.66348,,,
1541121534.4344702,3.59319,9.66348,,,
1541121534.5452394,3.59319,9.66348,,,
1541121534.6285043,3.59288,9.66399,,,
1541121534.7290337,3.59288,9.66399,,,
1541121534.8287797,3.59288,9.66399,,,
1541121534.9337916,3.59258,9.66399,,,
1541121535.0341995,3.59258,9.66501,0,0,0
1541121535.1383526,3.59258,9.66501,,,
1541121535.2271795,3.59258,9.66501,,,
1541121535.346186,3.59227,9.66579,,,
1541121535.42772,3.59227,9.66579,,,
1541121535.526932,3.59227,9.66579,,,
1541121535.6264186,3.59204,9.66655,,,
1541121535.7364447,3.59204,9.66655,,,
1541121535.8309364,3.59204,9.66655,,,
1541121535.9492307,3.59175,9.66655,,,
1541121536.041442,3.59175,9.66681,0,0,0
1541121536.1361983,3.59175,9.66681,,,
1541121536.2490613,3.59145,9.66681,,,
1541121536.3285673,3.59145,9.66783,,,
1541121536.4279852,3.59145,9.66783,,,
1541121536.530819,3.59145,9.66783,,,
1541121536.6368213,3.59114,9.66861,,,
1541121536.7265441,3.59114,9.66861,,,
1541121536.850273,3.59114,9.66861,,,
1541121536.9468129,3.59091,9.66861,,,
1541121537.0349286,3.59091,9.66963,0,0,0
1541121537.1276612,3.59091,9.66963,,,
1541121537.2284377,3.59091,9.66963,,,
1541121537.328438,3.59061,9.67065,,,
1541121537.4497855,3.59061,9.67065,,,
1541121537.5333729,3.59061,9.67065,,,
1541121537.6292884,3.5903,9.67168,,,
1541121537.7485728,3.5903,9.67168,,,
1541121537.8396919,3.5903,9.67168,,,
1541121537.9550982,3.59001,9.67168,,,
1541121538.0353165,3.59001,9.67245,0,0,0
1541121538.1355622,3.59001,9.67245,,,
1541121538.2364328,3.59001,9.67245,,,
1541121538.3436596,3.58971,9.67296,,,
1541121538.4354362,3.58971,9.67296,,,
1541121538.5540223,3.58971,9.67296,,,
1541121538.6357687,3.5894,9.67348,,,
1541121538.7560515,3.5894,9.67348,,,
1541121538.8371506,3.5894,9.67348,,,
1541121538.9361742,3.5891,9.67348,,,
1541121539.0369313,3.5891,9.67476,0,0,0
1541121539.145281,3.5891,9.67476,,,
1541121539.262617,3.58887,9.67476,,,
1541121539.3595293,3.58887,9.67552,,,
1541121539.4384446,3.58887,9.67552,,,
1541121539.5414255,3.58887,9.67552,,,
1541121539.653528,3.58856,9.67604,,,
1541121539.736035,3.58856,9.67604,,,
1541121539.8365219,3.58856,9.67604,,,
1541121539.9380388,3.58827,9.67604,,,
1541121540.0441587,3.58827,9.67654,0,0,0
1541121540.1596894,3.58827,9.67654,,,
1541121540.2386675,3.58827,9.67654,,,
1541121540.3382912,3.58797,9.67757,,,
1541121540.4571428,3.58797,9.67757,,,
1541121540.5385342,3.58797,9.67757,,,
1541121540.6384964,3.58766,9.67834,,,
1541121540.7386568,3.58766,9.67834,,,
1541121540.8463838,3.58766,9.67834,,,
1541121540.9608624,3.58743,9.67834,,,
1541121541.0395234,3.58743,9.67885,0,0,0
1541121541.1392744,3.58743,9.67885,,,
1541121541.2407472,3.58743,9.67885,,,
1541121541.3471563,3.58713,9.67937,,,
1541121541.4385278,3.58713,9.67937,,,
1541121541.5392797,3.58713,9.67937,,,
1541121541.6398826,3.58682,9.68039,,,
1541121541.7818487,3.58682,9.68039,,,
1541121541.8441439,3.58682,9.68039,,,
1541121541.9395163,3.58653,9.68039,,,
1541121542.0392551,3.58653,9.68141,0,0,0
1541121542.1509018,3.58653,9.68141,,,
1541121542.2392716,3.58653,9.68141,,,
1541121542.339273,3.58623,9.68219,,,
1541121542.4393954,3.58623,9.68219,,,
1541121542.5667286,3.58623,9.68219,,,
1541121542.6538858,3.58592,9.68219,,,
1541121542.7402794,3.58592,9.68295,,,
1541121542.840518,3.58592,9.68295,,,
1541121542.9412692,3.58562,9.68295,,,
1541121543.0502632,3.58562,9.68347,0,0,0
1541121543.1441183,3.58562,9.68347,,,
1541121543.2414024,3.58562,9.68347,,,
1541121543.360242,3.58531,9.68449,,,
1541121543.4485002,3.58531,9.68449,,,
1541121543.542365,3.58531,9.68449,,,
1541121543.6415029,3.58501,9.68449,,,
1541121543.7422783,3.58501,9.68552,,,
1541121543.8581102,3.58501,9.68552,,,
1541121543.9432428,3.58501,9.68552,,,
1541121544.0420117,3.58472,9.68629,0,0,0
1541121544.1582818,3.58472,9.68629,,,
1541121544.2568667,3.58472,9.68629,,,
1541121544.3603766,3.58441,9.68732,,,
1541121544.4434912,3.58441,9.68732,,,
1541121544.5427341,3.58441,9.68732,,,
1541121544.6427455,3.58411,9.68732,,,
1541121544.7506063,3.58411,9.68808,,,
1541121544.8433647,3.58411,9.68808,,,
1541121544.9508717,3.58411,9.68808,,,
1541121545.055487,3.58388,9.68834,0,0,0
1541121545.1666412,3.58388,9.68834,,,
1541121545.2489865,3.58388,9.68834,,,
1541121545.3466446,3.58357,9.68936,,,
1541121545.4454846,3.58357,9.68936,,,
1541121545.5571098,3.58357,9.68936,,,
1541121545.645481,3.58327,9.68936,,,
1541121545.7494118,3.58327,9.69038,,,
1541121545.868233,3.58327,9.69038,,,
1541121545.959353,3.58296,9.69038,0,0,0
1541121546.0643597,3.58296,9.69142,,,
1541121546.1470768,3.58296,9.69142,,,
1541121546.2469416,3.58296,9.69142,,,
1541121546.3469534,3.58267,9.69193,,,
1541121546.456222,3.58267,9.69193,,,
1541121546.547075,3.58267,9.69193,,,
1541121546.650946,3.58237,9.69193,,,
1541121546.763824,3.58237,9.6927,,,
1541121546.8500853,3.58237,9.6927,,,
1541121546.948207,3.58237,9.6927,,,
1541121547.0480723,3.58206,9.69347,0,0,0
1541121547.148094,3.58206,9.69347,,,
1541121547.262,3.58206,9.69347,,,
1541121547.3722346,3.58176,9.69449,,,
1541121547.4492435,3.58176,9.69449,,,
1541121547.5667498,3.58176,9.69449,,,
1541121547.6515048,3.58153,9.69449,,,
1541121547.7662463,3.58153,9.69501,,,
1541121547.8487167,3.58153,9.69501,,,
1541121547.9488268,3.58153,9.69501,,,
1541121548.0508516,3.58122,9.69551,0,0,0
1541121548.1558485,3.58122,9.69551,,,
1541121548.265791,3.58122,9.69551,,,
1541121548.3680866,3.58093,9.69629,,,
1541121548.4494023,3.58093,9.69629,,,
1541121548.5671124,3.58093,9.69629,,,
1541121548.6748614,3.58055,9.69629,,,
1541121548.753607,3.58055,9.69757,,,
1541121548.8513772,3.58055,9.69757,,,
1541121548.9563491,3.58055,9.69757,,,
1541121549.0720596,3.58025,9.69833,0,0,0
1541121549.1739905,3.58025,9.69833,,,
1541121549.2536232,3.58025,9.69833,,,
1541121549.3532305,3.58002,9.69936,,,
1541121549.4599738,3.58002,9.69936,,,
1541121549.553474,3.58002,9.69936,,,
1541121549.6534832,3.57971,9.69936,,,
1541121549.754344,3.57971,9.69962,,,
1541121549.856391,3.57971,9.69962,,,
1541121549.988616,3.57941,9.69962,,,
1541121550.0577097,3.57941,9.70116,0,0,0
1541121550.1548502,3.57941,9.70116,,,
1541121550.2678447,3.57941,9.70116,,,
1541121550.37708,3.57912,9.70166,,,
1541121550.4565852,3.57912,9.70166,,,
1541121550.5552027,3.57912,9.70166,,,
1541121550.6580791,3.57881,9.70166,,,
1541121550.7791867,3.57881,9.70244,,,
1541121550.8580728,3.57881,9.70244,,,
1541121550.956468,3.57881,9.70244,,,
1541121551.056576,3.57851,9.70346,0,0,0
1541121551.1605785,3.57851,9.70346,,,
1541121551.2584355,3.57851,9.70346,,,
1541121551.3568363,3.5782,9.70422,,,
1541121551.4566982,3.5782,9.70422,,,
1541121551.5929008,3.5782,9.70422,,,
1541121551.6580014,3.5779,9.70422,,,
1541121551.75719,3.5779,9.70474,,,
1541121551.8573177,3.5779,9.70474,,,
1541121551.968716,3.5779,9.70474,,,
1541121552.0790854,3.57759,9.70551,0,0,0
1541121552.1583052,3.57759,9.70551,,,
1541121552.2569413,3.57759,9.70551,,,
1541121552.3841944,3.5773,9.70654,,,
1541121552.4876502,3.5773,9.70654,,,
1541121552.5634146,3.5773,9.70654,,,
1541121552.6601489,3.577,9.70654,,,
1541121552.760659,3.577,9.70757,,,
1541121552.8686812,3.577,9.70757,,,
1541121552.9605281,3.577,9.70757,0,0,0
1541121553.0620325,3.57669,9.70833,,,
1541121553.160807,3.57669,9.70833,,,
1541121553.2922232,3.57669,9.70833,,,
1541121553.3893826,3.57646,9.70833,,,
1541121553.4631603,3.57646,9.70885,,,
1541121553.559868,3.57646,9.70885,,,
1541121553.6726851,3.57608,9.70885,,,
1541121553.7603796,3.57608,9.70961,,,
1541121553.8603954,3.57608,9.70961,,,
1541121553.9598818,3.57608,9.70961,,,
1541121554.0898988,3.57578,9.71063,0,0,0
1541121554.1740115,3.57578,9.71063,,,
1541121554.2610092,3.57578,9.71063,,,
1541121554.360988,3.57549,9.71063,,,
1541121554.4622197,3.57549,9.71141,,,
1541121554.569494,3.57549,9.71141,,,
1541121554.6623626,3.57518,9.71141,,,
1541121554.7616887,3.57518,9.71191,,,
1541121554.876885,3.57518,9.71191,,,
1541121554.9710555,3.57518,9.71191,0,0,0
1541121555.061881,3.57495,9.71243,,,
1541121555.1623545,3.57495,9.71243,,,
1541121555.2625062,3.57495,9.71243,,,
1541121555.3775222,3.57457,9.71371,,,
1541121555.4850261,3.57457,9.71371,,,
1541121555.5641308,3.57457,9.71371,,,
1541121555.6745028,3.57457,9.71371,,,
1541121555.7728817,3.57426,9.71448,,,
1541121555.880403,3.57426,9.71448,,,
1541121555.9632509,3.57426,9.71448,0,0,0
1541121556.0632405,3.57396,9.71576,,,
1541121556.1635222,3.57396,9.71576,,,
1541121556.2721276,3.57396,9.71576,,,
1541121556.3637614,3.57367,9.71576,,,
1541121556.4734786,3.57367,9.71654,,,
1541121556.5755315,3.57367,9.71654,,,
1541121556.6877968,3.57336,9.71654,,,
1541121556.7702954,3.57336,9.71756,,,
1541121556.8666344,3.57336,9.71756,,,
1541121556.9680405,3.57336,9.71756,0,0,0
1541121557.0780895,3.57306,9.71808,,,
1541121557.191777,3.57306,9.71808,,,
1541121557.2791955,3.57306,9.71808,,,
1541121557.3842666,3.57275,9.71808,,,
1541121557.4732692,3.57275,9.71884,,,
1541121557.5826719,3.57275,9.71884,,,
1541121557.6733909,3.57275,9.71884,,,
1541121557.7737613,3.57245,9.7196,,,
1541121557.8739018,3.57245,9.7196,,,
1541121557.975757,3.57245,9.7196,0,0,0
1541121558.0783026,3.57214,9.72064,,,
1541121558.1880407,3.57214,9.72064,,,
1541121558.2746556,3.57214,9.72064,,,
1541121558.3885465,3.57185,9.72089,,,
1541121558.4971538,3.57185,9.72089,,,
1541121558.5807793,3.57185,9.72089,,,
1541121558.681021,3.57162,9.72089,,,
1541121558.7809067,3.57162,9.72192,,,
1541121558.8989573,3.57162,9.72192,,,
1541121558.9973826,3.57162,9.72192,0,0,0
1541121559.0825114,3.57132,9.72269,,,
1541121559.1835113,3.57132,9.72269,,,
1541121559.3024201,3.57132,9.72269,,,
1541121559.385639,3.57094,9.72269,,,
1541121559.4843996,3.57094,9.72397,,,
1541121559.584628,3.57094,9.72397,,,
1541121559.6947072,3.57063,9.72397,,,
1541121559.8037648,3.57063,9.72473,,,
1541121559.885147,3.57063,9.72473,,,
1541121559.9864995,3.57063,9.72473,0,0,0
1541121560.085754,3.5704,9.72525,,,
1541121560.1906338,3.5704,9.72525,,,
1541121560.2853098,3.5704,9.72525,,,
1541121560.3864985,3.57004,9.72525,,,
1541121560.4852529,3.57004,9.72601,,,
1541121560.6266122,3.57004,9.72601,,,
1541121560.7180552,3.56973,9.72601,,,
1541121560.7880428,3.56973,9.72704,,,
1541121560.8862607,3.56973,9.72704,,,
1541121560.9988654,3.56973,9.72704,0,0,0
1541121561.109118,3.56943,9.72781,,,
1541121561.1880867,3.56943,9.72781,,,
1541121561.2867465,3.56943,9.72781,,,
1541121561.3932645,3.5692,9.72781,,,
1541121561.5085537,3.5692,9.72832,,,
1541121561.5877655,3.5692,9.72832,,,
1541121561.687586,3.5692,9.72832,,,
1541121561.7872558,3.56889,9.7291,,,
1541121561.896247,3.56889,9.7291,,,
1541121561.9876182,3.56889,9.7291,0,0,0
1541121562.088082,3.56851,9.73012,,,
1541121562.188051,3.56851,9.73012,,,
1541121562.3092873,3.56851,9.73012,,,
1541121562.387614,3.56822,9.73012,,,
1541121562.4882593,3.56822,9.73114,,,
1541121562.5868576,3.56822,9.73114,,,
1541121562.7024803,3.56792,9.73114,,,
1541121562.787274,3.56792,9.73216,,,
1541121562.8887532,3.56792,9.73216,,,
1541121562.989122,3.56792,9.73216,0,0,0
1541121563.1165547,3.56761,9.7332,,,
1541121563.2087696,3.56761,9.7332,,,
1541121563.2895067,3.56761,9.7332,,,
1541121563.389509,3.56731,9.7332,,,
1541121563.4941065,3.56731,9.73422,,,
1541121563.6066089,3.56731,9.73422,,,
1541121563.6883447,3.56731,9.73422,,,
1541121563.7884686,3.567,9.73448,,,
1541121563.9117308,3.567,9.73448,,,
1541121563.996108,3.567,9.73448,0,0,0
1541121564.0891101,3.5667,9.73524,,,
1541121564.1894941,3.5667,9.73524,,,
1541121564.2893372,3.5667,9.73524,,,
1541121564.4137452,3.56641,9.73524,,,
1541121564.4962165,3.56641,9.73627,,,
1541121564.5898907,3.56641,9.73627,,,
1541121564.7129817,3.56641,9.73627,,,
1541121564.802215,3.5661,9.73729,,,
1541121564.892365,3.5661,9.73729,,,
1541121564.9923763,3.5661,9.73729,0,0,0
1541121565.0923665,3.5658,9.73807,,,
1541121565.197224,3.5658,9.73807,,,
1541121565.308856,3.5658,9.73807,,,
1541121565.3929932,3.56549,9.73807,,,
1541121565.5114274,3.56549,9.73857,,,
1541121565.5972252,3.56549,9.73857,,,
1541121565.7019894,3.56549,9.73857,,,
1541121565.7933733,3.56519,9.73935,,,
1541121565.8925004,3.56519,9.73935,,,
1541121565.9933724,3.56519,9.73935,0,0,0
1541121566.111585,3.56488,9.74037,,,
1541121566.196225,3.56488,9.74037,,,
1541121566.30877,3.56488,9.74037,,,
1541121566.3983655,3.56459,9.74037,,,
1541121566.502361,3.56459,9.74113,,,
1541121566.6108384,3.56459,9.74113,,,
1541121566.694481,3.56459,9.74113,,,
1541121566.7948425,3.56429,9.74165,,,
1541121566.8946986,3.56429,9.74165,,,
1541121567.002483,3.56429,9.74165,0,0,0
1541121567.1110473,3.56398,9.74242,,,
1541121567.2043417,3.56398,9.74242,,,
1541121567.2953415,3.56398,9.74242,,,
1541121567.4144595,3.56367,9.74242,,,
1541121567.5198684,3.56367,9.74345,,,
1541121567.5972085,3.56367,9.74345,,,
1541121567.696704,3.56367,9.74345,,,
1541121567.8034573,3.56337,9.74448,,,
1541121567.921942,3.56337,9.74448,,,
1541121568.048142,3.56337,9.74448,0,0,0
1541121568.1082351,3.56306,9.74448,,,
1541121568.1978564,3.56306,9.7455,,,
1541121568.3027432,3.56306,9.7455,,,
1541121568.3981647,3.56277,9.7455,,,
1541121568.5028071,3.56277,9.74576,,,
1541121568.6013315,3.56277,9.74576,,,
1541121568.7143407,3.56277,9.74576,,,
1541121568.8288348,3.56239,9.74678,,,
1541121568.9142027,3.56239,9.74678,,,
1541121568.998464,3.56239,9.74678,0,0,0
1541121569.108603,3.56209,9.74754,,,
1541121569.222564,3.56209,9.74754,,,
1541121569.2993035,3.56209,9.74754,,,
1541121569.398847,3.56178,9.74754,,,
1541121569.5042355,3.56178,9.74883,,,
1541121569.6228807,3.56178,9.74883,,,
1541121569.717065,3.56178,9.74883,,,
1541121569.7992048,3.56148,9.74985,,,
1541121569.8999403,3.56148,9.74985,,,
1541121570.006618,3.56148,9.74985,0,0,0
1541121570.1002212,3.56117,9.74985,,,
1541121570.2005851,3.56117,9.75089,,,
1541121570.2994654,3.56117,9.75089,,,
1541121570.4014626,3.56088,9.75089,,,
1541121570.5393288,3.56088,9.75139,,,
1541121570.6231833,3.56088,9.75139,,,
1541121570.7026,3.56088,9.75139,,,
1541121570.8144882,3.56058,9.75217,,,
1541121570.8991952,3.56058,9.75217,,,
1541121570.9994307,3.56058,9.75217,0,0,0
1541121571.099835,3.56027,9.75217,,,
1541121571.2091932,3.56027,9.75293,,,
1541121571.3183413,3.56027,9.75293,,,
1541121571.4219282,3.55997,9.75293,,,
1541121571.5011852,3.55997,9.75395,,,
1541121571.6010616,3.55997,9.75395,,,
1541121571.7072308,3.55997,9.75395,,,
1541121571.801185,3.55966,9.75473,,,
1541121571.9010763,3.55966,9.75473,,,
1541121572.0010643,3.55966,9.75473,0,0,0
1541121572.1248136,3.55936,9.75523,,,
1541121572.2403462,3.55936,9.75523,,,
1541121572.3041651,3.55936,9.75523,,,
1541121572.4017122,3.55936,9.75523,,,
1541121572.5190566,3.55907,9.75601,,,
1541121572.603291,3.55907,9.75601,,,
1541121572.7024732,3.55907,9.75601,,,
1541121572.802218,3.55869,9.75703,,,
1541121572.9087932,3.55869,9.75703,,,
1541121573.0256438,3.55869,9.75703,0,0,0
1541121573.1046517,3.55838,9.75703,,,
1541121573.202411,3.55838,9.75806,,,
1541121573.3041604,3.55838,9.75806,,,
1541121573.413207,3.55838,9.75806,,,
1541121573.5037925,3.55807,9.75882,,,
1541121573.6050386,3.55807,9.75882,,,
1541121573.7071347,3.55807,9.75882,,,
1541121573.8426142,3.55777,9.75934,,,
1541121573.9055643,3.55777,9.75934,,,
1541121574.0051913,3.55777,9.75934,0,0,0
1541121574.1053116,3.55748,9.75934,,,
1541121574.2138948,3.55748,9.76036,,,
1541121574.3230457,3.55748,9.76036,,,
1541121574.405304,3.55748,9.76036,,,
1541121574.5059137,3.55717,9.76114,,,
1541121574.6271372,3.55717,9.76114,,,
1541121574.7133071,3.55717,9.76114,,,
1541121574.8061771,3.55687,9.7619,,,
1541121574.9064305,3.55687,9.7619,,,
1541121575.0065637,3.55687,9.7619,0,0,0
1541121575.1290364,3.55656,9.7619,,,
1541121575.2118971,3.55656,9.76292,,,
1541121575.305916,3.55656,9.76292,,,
1541121575.425644,3.55656,9.76292,,,
1541121575.5182836,3.55626,9.76447,,,
1541121575.630033,3.55626,9.76447,,,
1541121575.7084274,3.55626,9.76447,,,
1541121575.8082874,3.55588,9.76523,,,
1541121575.9145207,3.55588,9.76523,,,
1541121576.025516,3.55588,9.76523,0,0,0
1541121576.107154,3.55559,9.76523,,,
1541121576.2240117,3.55559,9.76575,,,
1541121576.3135297,3.55559,9.76575,,,
1541121576.4161475,3.55559,9.76575,,,
1541121576.508774,3.55528,9.76677,,,
1541121576.6085367,3.55528,9.76677,,,
1541121576.709269,3.55528,9.76677,,,
1541121576.8115177,3.55498,9.76755,,,
1541121576.9091406,3.55498,9.76755,,,
1541121577.0252476,3.55498,9.76755,0,0,0
1541121577.1171849,3.55467,9.76755,,,
1541121577.2251792,3.55467,9.76805,,,
1541121577.333517,3.55467,9.76805,,,
1541121577.4121296,3.55467,9.76805,,,
1541121577.510032,3.55437,9.76883,,,
1541121577.6143913,3.55437,9.76883,,,
1541121577.7253819,3.55437,9.76883,,,
1541121577.8232574,3.55406,9.76883,,,
1541121577.9182076,3.55406,9.76985,,,
1541121578.0133805,3.55406,9.76985,0,0,0
1541121578.1191232,3.55377,9.76985,,,
1541121578.211797,3.55377,9.77087,,,
1541121578.3103871,3.55377,9.77087,,,
1541121578.4110212,3.55377,9.77087,,,
1541121578.534371,3.55347,9.7719,,,
1541121578.624106,3.55347,9.7719,,,
1541121578.7260854,3.55347,9.7719,,,
1541121578.8155732,3.55316,9.7719,,,
1541121578.924844,3.55316,9.77216,,,
1541121579.0350614,3.55316,9.77216,0,0,0
1541121579.1153538,3.55286,9.77216,,,
1541121579.2145631,3.55286,9.77292,,,
1541121579.3196254,3.55286,9.77292,,,
1541121579.4392104,3.55286,9.77292,,,
1541121579.5319862,3.55255,9.77396,,,
1541121579.6144326,3.55255,9.77396,,,
1541121579.715191,3.55255,9.77396,,,
1541121579.8224218,3.55225,9.77396,,,
1541121579.915194,3.55225,9.77498,,,
1541121580.0145698,3.55225,9.77498,0,0,0
1541121580.1144862,3.55225,9.77498,,,
1541121580.2423491,3.55188,9.776,,,
1541121580.3436556,3.55188,9.776,,,
1541121580.4192398,3.55188,9.776,,,
1541121580.5150526,3.55157,9.7765,,,
1541121580.6250398,3.55157,9.7765,,,
1541121580.732865,3.55157,9.7765,,,
1541121580.8155842,3.55127,9.7765,,,
1541121580.9160466,3.55127,9.77702,,,
1541121581.0155406,3.55127,9.77702,0,0,0
1541121581.1364698,3.55096,9.77702,,,
1541121581.2164176,3.55096,9.77831,,,
1541121581.318217,3.55096,9.77831,,,
1541121581.416558,3.55096,9.77831,,,
1541121581.5390093,3.55066,9.77933,,,
1541121581.622456,3.55066,9.77933,,,
1541121581.7185957,3.55066,9.77933,,,
1541121581.8172936,3.55035,9.77933,,,
1541121581.9463956,3.55035,9.78035,,,
1541121582.0363922,3.55035,9.78035,0,0,0
1541121582.1177664,3.55035,9.78035,,,
1541121582.2178469,3.55006,9.78139,,,
1541121582.3196857,3.55006,9.78139,,,
1541121582.4265835,3.55006,9.78139,,,
1541121582.519137,3.54976,9.78215,,,
1541121582.61915,3.54976,9.78215,,,
1541121582.7436702,3.54976,9.78215,,,
1541121582.8230648,3.54938,9.78215,,,
1541121582.9194582,3.54938,9.78267,,,
1541121583.0194218,3.54938,9.78267,0,0,0
1541121583.11939,3.54938,9.78267,,,
1541121583.2362647,3.54907,9.78369,,,
1541121583.3416932,3.54907,9.78369,,,
1541121583.420267,3.54907,9.78369,,,
1541121583.5436823,3.54877,9.78471,,,
1541121583.6244237,3.54877,9.78471,,,
1541121583.7360482,3.54877,9.78471,,,
1541121583.8195403,3.54846,9.78471,,,
1541121583.9215028,3.54846,9.78548,,,
1541121584.0197897,3.54846,9.78548,0,0,0
1541121584.1281672,3.54846,9.78548,,,
1541121584.219813,3.54817,9.78574,,,
1541121584.3449433,3.54817,9.78574,,,
1541121584.4232464,3.54817,9.78574,,,
1541121584.5232747,3.54787,9.78676,,,
1541121584.6210272,3.54787,9.78676,,,
1541121584.7213326,3.54787,9.78676,,,
1541121584.8216865,3.54756,9.78676,,,
1541121584.935068,3.54756,9.7878,,,
1541121585.0218883,3.54756,9.7878,0,0,0
1541121585.147274,3.54756,9.7878,,,
1541121585.2257845,3.54726,9.78882,,,
1541121585.3295188,3.54726,9.78882,,,
1541121585.4399087,3.54726,9.78882,,,
1541121585.5222256,3.54695,9.78958,,,
1541121585.623192,3.54695,9.78958,,,
1541121585.7224925,3.54695,9.78958,,,
1541121585.829436,3.54665,9.78958,,,
1541121585.9442563,3.54665,9.7901,,,
1541121586.0282502,3.54665,9.7901,0,0,0
1541121586.1232657,3.54665,9.7901,,,
1541121586.2398868,3.54628,9.79086,,,
1541121586.346222,3.54628,9.79086,,,
1541121586.4247854,3.54628,9.79086,,,
1541121586.523912,3.54597,9.79214,,,
1541121586.6296241,3.54597,9.79214,,,
1541121586.7506728,3.54597,9.79214,,,
1541121586.834141,3.54567,9.79214,,,
1541121586.9242554,3.54567,9.79292,,,
1541121587.0243945,3.54567,9.79292,0,0,0
1541121587.1335125,3.54567,9.79292,,,
1541121587.22601,3.54536,9.79369,,,
1541121587.3248117,3.54536,9.79369,,,
1541121587.424656,3.54536,9.79369,,,
1541121587.541116,3.54506,9.79471,,,
1541121587.6345637,3.54506,9.79471,,,
1541121587.7271202,3.54506,9.79471,,,
1541121587.8263917,3.54477,9.79471,,,
1541121587.939435,3.54477,9.79573,,,
1541121588.026405,3.54477,9.79573,0,0,0
1541121588.1256707,3.54477,9.79573,,,
1541121588.2264988,3.54446,9.79625,,,
1541121588.353423,3.54446,9.79625,,,
1541121588.440884,3.54446,9.79625,,,
1541121588.5267591,3.54408,9.79625,,,
1541121588.627561,3.54408,9.79727,,,
1541121588.727089,3.54408,9.79727,,,
1541121588.833519,3.54378,9.79727,,,
1541121588.9275877,3.54378,9.79855,,,
1541121589.0283682,3.54378,9.79855,0,0,0
1541121589.132264,3.54378,9.79855,,,
1541121589.2726593,3.54347,9.79933,,,
1541121589.3602862,3.54347,9.79933,,,
1541121589.4311357,3.54347,9.79933,,,
1541121589.5278559,3.54317,9.79933,,,
1541121589.6407347,3.54317,9.80009,,,
1541121589.7283967,3.54317,9.80009,,,
1541121589.8284214,3.54317,9.80009,,,
1541121589.9286711,3.54288,9.8006,,,
1541121590.0404582,3.54288,9.8006,0,0,0
1541121590.146252,3.54288,9.8006,,,
1541121590.2287114,3.54257,9.80164,,,
1541121590.3286304,3.54257,9.80164,,,
1541121590.4332035,3.54257,9.80164,,,
1541121590.5385365,3.54227,9.80164,,,
1541121590.6345341,3.54227,9.80266,,,
1541121590.733839,3.54227,9.80266,,,
1541121590.8345416,3.54227,9.80266,,,
1541121590.979948,3.54189,9.80368,,,
1541121591.0612686,3.54189,9.80368,0,0,0
1541121591.134335,3.54189,9.80368,,,
1541121591.230535,3.54158,9.8042,,,
1541121591.3470998,3.54158,9.8042,,,
1541121591.4534855,3.54158,9.8042,,,
1541121591.5323699,3.54128,9.8042,,,
1541121591.6309013,3.54128,9.80496,,,
1541121591.7355227,3.54128,9.80496,,,
1541121591.853542,3.54099,9.80496,,,
1541121591.9325309,3.54099,9.80598,,,
1541121592.031642,3.54099,9.80598,0,0,0
1541121592.1315813,3.54099,9.80598,,,
1541121592.2345493,3.5406,9.80727,,,
1541121592.331758,3.5406,9.80727,,,
1541121592.4316015,3.5406,9.80727,,,
1541121592.5317223,3.5403,9.80727,,,
1541121592.664141,3.5403,9.80804,,,
1541121592.7531254,3.5403,9.80804,,,
1541121592.8328052,3.5403,9.80804,,,
1541121592.932809,3.53999,9.80855,,,
1541121593.036749,3.53999,9.80855,0,0,0
1541121593.1421442,3.53999,9.80855,,,
1541121593.2331364,3.53969,9.80933,,,
1541121593.333293,3.53969,9.80933,,,
1541121593.4583924,3.53969,9.80933,,,
1541121593.5552444,3.53938,9.81035,,,
1541121593.6378133,3.53938,9.81035,,,
1541121593.734608,3.53938,9.81035,,,
1541121593.8354995,3.53938,9.81035,,,
1541121593.9464915,3.53909,9.81137,,,
1541121594.0370483,3.53909,9.81137,0,0,0
1541121594.1354074,3.53909,9.81137,,,
1541121594.256005,3.53871,9.81265,,,
1541121594.3391633,3.53871,9.81265,,,
1541121594.4525647,3.53871,9.81265,,,
1541121594.5348034,3.53841,9.81265,,,
1541121594.633801,3.53841,9.81367,,,
1541121594.7339454,3.53841,9.81367,,,
1541121594.8451772,3.53841,9.81367,,,
1541121594.935403,3.5381,9.81419,,,
1541121595.057252,3.5381,9.81419,0,0,0
1541121595.1384485,3.5381,9.81419,,,
1541121595.2382913,3.5378,9.8147,,,
1541121595.3353949,3.5378,9.8147,,,
1541121595.436015,3.5378,9.8147,,,
1541121595.5361347,3.53751,9.8147,,,
1541121595.6500013,3.53751,9.81573,,,
1541121595.7589207,3.53751,9.81573,,,
1541121595.8553886,3.53751,9.81573,,,
1541121595.940923,3.53712,9.81702,,,
1541121596.0470252,3.53712,9.81702,0,0,0
1541121596.153506,3.53712,9.81702,,,
1541121596.2371328,3.53682,9.81778,,,
1541121596.3371398,3.53682,9.81778,,,
1541121596.4372787,3.53682,9.81778,,,
1541121596.544895,3.53651,9.81778,,,
1541121596.6562464,3.53651,9.81854,,,
1541121596.7463825,3.53651,9.81854,,,
1541121596.836892,3.53651,9.81854,,,
1541121596.9561467,3.53621,9.81906,,,
1541121597.0384238,3.53621,9.81906,0,0,0
1541121597.1384284,3.53621,9.81906,,,
1541121597.2385585,3.53583,9.82034,,,
1541121597.3461225,3.53583,9.82034,,,
1541121597.4635863,3.53583,9.82034,,,
1541121597.5482776,3.53554,9.82034,,,
1541121597.638906,3.53554,9.82111,,,
1541121597.7390277,3.53554,9.82111,,,
1541121597.8470309,3.53554,9.82111,,,
1541121597.9402797,3.53523,9.82162,,,
1541121598.038992,3.53523,9.82162,0,0,0
1541121598.1386707,3.53523,9.82162,,,
1541121598.2742424,3.53493,9.82239,,,
1541121598.3732777,3.53493,9.82239,,,
1541121598.4409003,3.53493,9.82239,,,
1541121598.5431223,3.53462,9.82239,,,
1541121598.6563795,3.53462,9.82343,,,
1541121598.761638,3.53462,9.82343,,,
1541121598.8421144,3.53462,9.82343,,,
1541121598.9431093,3.53432,9.82445,,,
1541121599.0596802,3.53432,9.82445,0,0,0
1541121599.1683881,3.53432,9.82445,,,
1541121599.24732,3.53394,9.82445,,,
1541121599.3426528,3.53394,9.82573,,,
1541121599.4428136,3.53394,9.82573,,,
1541121599.5490406,3.53365,9.82573,,,
1541121599.6427636,3.53365,9.82675,,,
1541121599.7430189,3.53365,9.82675,,,
1541121599.8428967,3.53365,9.82675,,,
1541121599.9656546,3.53334,9.82777,,,
1541121600.0493295,3.53334,9.82777,0,0,0
1541121600.1442957,3.53334,9.82777,,,
1541121600.243903,3.53304,9.82777,,,
1541121600.3573205,3.53304,9.82854,,,
1541121600.4455173,3.53304,9.82854,,,
1541121600.544142,3.53304,9.82854,,,
1541121600.665594,3.53273,9.82906,,,
1541121600.7527304,3.53273,9.82906,,,
1541121600.8615623,3.53273,9.82906,,,
1541121600.9456697,3.53235,9.82982,,,
1541121601.046951,3.53235,9.82982,0,0,0
1541121601.1467485,3.53235,9.82982,,,
1541121601.2539012,3.53206,9.82982,,,
1541121601.347069,3.53206,9.8311,,,
1541121601.4696043,3.53206,9.8311,,,
1541121601.5485363,3.53206,9.8311,,,
1541121601.649398,3.53175,9.83214,,,
1541121601.748368,3.53175,9.83214,,,
1541121601.8458722,3.53175,9.83214,,,
1541121601.9468849,3.53145,9.83264,,,
1541121602.0598571,3.53145,9.83264,0,0,0
1541121602.146956,3.53145,9.83264,,,
1541121602.269817,3.53114,9.83264,,,
1541121602.347124,3.53114,9.83342,,,
1541121602.4588585,3.53114,9.83342,,,
1541121602.5693662,3.53076,9.83342,,,
1541121602.6469846,3.53076,9.83418,,,
1541121602.747122,3.53076,9.83418,,,
1541121602.8523343,3.53076,9.83418,,,
1541121602.9634976,3.53046,9.83521,,,
1541121603.0690343,3.53046,9.83521,0,0,0
1541121603.1469765,3.53046,9.83521,,,
1541121603.2466056,3.53017,9.83521,,,
1541121603.3537192,3.53017,9.83572,,,
1541121603.448051,3.53017,9.83572,,,
1541121603.5468633,3.53017,9.83572,,,
1541121603.6480947,3.52986,9.83649,,,
1541121603.7717013,3.52986,9.83649,,,
1541121603.8897786,3.52986,9.83649,,,
1541121603.9494584,3.52956,9.83751,0,0,0
1541121604.0488508,3.52956,9.83751,,,
1541121604.168368,3.52956,9.83751,,,
1541121604.2754598,3.52917,9.83751,,,
1541121604.3489325,3.52917,9.83879,,,
1541121604.4493492,3.52917,9.83879,,,
1541121604.5559628,3.52917,9.83879,,,
1541121604.6720366,3.52887,9.83957,,,
1541121604.7502234,3.52887,9.83957,,,
1541121604.8496046,3.52887,9.83957,,,
1541121604.9504588,3.52856,9.84007,,,
1541121605.058172,3.52856,9.84007,0,0,0
1541121605.1506906,3.52856,9.84007,,,
1541121605.2493613,3.52827,9.84007,,,
1541121605.3493133,3.52827,9.84111,,,
1541121605.4908116,3.52827,9.84111,,,
1541121605.5539422,3.52827,9.84111,,,
1541121605.649969,3.52789,9.84264,,,
1541121605.7503436,3.52789,9.84264,,,
1541121605.8601606,3.52789,9.84264,,,
1541121605.9520562,3.52759,9.84315,,,
1541121606.050688,3.52759,9.84315,0,0,0
1541121606.1512253,3.52759,9.84315,,,
1541121606.2811599,3.52728,9.84315,,,
1541121606.367068,3.52728,9.84418,,,
1541121606.4526913,3.52728,9.84418,,,
1541121606.5511029,3.52728,9.84418,,,
1541121606.651234,3.52698,9.8452,,,
1541121606.7595806,3.52698,9.8452,,,
1541121606.852442,3.52698,9.8452,,,
1541121606.952937,3.52661,9.84648,,,
1541121607.067268,3.52661,9.84648,0,0,0
1541121607.1766403,3.52661,9.84648,,,
1541121607.2588344,3.52631,9.84648,,,
1541121607.3534455,3.52631,9.847,,,
1541121607.4523036,3.52631,9.847,,,
1541121607.5660567,3.52631,9.847,,,
1541121607.6537094,3.526,9.84776,,,
1541121607.753561,3.526,9.84776,,,
1541121607.8685684,3.526,9.84776,,,
1541121607.965929,3.5257,9.8488,0,0,0
1541121608.0720456,3.5257,9.8488,,,
1541121608.154179,3.5257,9.8488,,,
1541121608.2545552,3.52531,9.8488,,,
1541121608.3566046,3.52531,9.84982,,,
1541121608.4629169,3.52531,9.84982,,,
1541121608.5553231,3.52531,9.84982,,,
1541121608.6621387,3.52501,9.85085,,,
1541121608.7668324,3.52501,9.85085,,,
1541121608.8772097,3.52501,9.85085,,,
1541121608.95845,3.52472,9.85085,0,0,0
1541121609.05668,3.52472,9.85135,,,
1541121609.1568034,3.52472,9.85135,,,
1541121609.266928,3.52434,9.85135,,,
1541121609.374796,3.52434,9.85213,,,
1541121609.4607491,3.52434,9.85213,,,
1541121609.5685775,3.52434,9.85213,,,
1541121609.6569302,3.52403,9.85315,,,
1541121609.766186,3.52403,9.85315,,,
1541121609.8561704,3.52403,9.85315,,,
1541121609.957312,3.52373,9.85315,,,
1541121610.056172,3.52373,9.85417,0,0,0
1541121610.1587672,3.52373,9.85417,,,
1541121610.2663612,3.52335,9.85417,,,
1541121610.3740482,3.52335,9.85495,,,
1541121610.4580493,3.52335,9.85495,,,
1541121610.5721684,3.52335,9.85495,,,
1541121610.682043,3.52304,9.85571,,,
1541121610.7599473,3.52304,9.85571,,,
1541121610.8582656,3.52304,9.85571,,,
1541121610.9673133,3.52275,9.85571,,,
1541121611.0794744,3.52275,9.85648,0,0,0
1541121611.179813,3.52275,9.85648,,,
1541121611.259663,3.52275,9.85648,,,
1541121611.3591928,3.52237,9.85776,,,
1541121611.4646602,3.52237,9.85776,,,
1541121611.5591657,3.52237,9.85776,,,
1541121611.6589286,3.52206,9.8588,,,
1541121611.7589166,3.52206,9.8588,,,
1541121611.8840206,3.52206,9.8588,,,
1541121611.9940176,3.52176,9.8588,0,0,0
1541121612.059526,3.52176,9.85982,,,
1541121612.1596503,3.52176,9.85982,,,
1541121612.275886,3.52138,9.85982,,,
1541121612.3590078,3.52138,9.86084,,,
1541121612.4594057,3.52138,9.86084,,,
1541121612.559394,3.52138,9.86084,,,
1541121612.6677814,3.52109,9.8616,,,
1541121612.7837458,3.52109,9.8616,,,
1541121612.8593874,3.52109,9.8616,,,
1541121612.9602923,3.52078,9.8616,,,
1541121613.060401,3.52078,9.86212,0,0,0
1541121613.1694145,3.52078,9.86212,,,
1541121613.261029,3.52078,9.86212,,,
1541121613.3608909,3.52048,9.86314,,,
1541121613.4611728,3.52048,9.86314,,,
1541121613.5841153,3.52048,9.86314,,,
1541121613.6636417,3.5201,9.86443,,,
1541121613.7614136,3.5201,9.86443,,,
1541121613.8615167,3.5201,9.86443,,,
1541121613.9767756,3.51979,9.86443,,,
1541121614.084258,3.51979,9.8652,0,0,0
1541121614.162373,3.51979,9.8652,,,
1541121614.2628758,3.51979,9.8652,,,
1541121614.3872478,3.51949,9.86571,,,
1541121614.479524,3.51949,9.86571,,,
1541121614.5631337,3.51949,9.86571,,,
1541121614.662382,3.51912,9.86649,,,
1541121614.7623851,3.51912,9.86649,,,
1541121614.869141,3.51912,9.86649,,,
1541121614.9639964,3.51881,9.86649,0,0,0
1541121615.0638802,3.51881,9.86777,,,
1541121615.1858354,3.51881,9.86777,,,
1541121615.286875,3.51851,9.86777,,,
1541121615.3687716,3.51851,9.86879,,,
1541121615.464756,3.51851,9.86879,,,
1541121615.5648715,3.51851,9.86879,,,
1541121615.6764038,3.51813,9.86955,,,
1541121615.7643833,3.51813,9.86955,,,
1541121615.8652713,3.51813,9.86955,,,
1541121615.9842408,3.51782,9.86955,,,
1541121616.1800318,3.51782,9.87007,,,
1541121616.3309038,3.47069,12.4994,,,
1541121616.4787652,3.47069,12.4994,,,
1541121616.626882,3.45708,12.4994,,,
1541121616.793975,3.45708,12.9371,,,
1541121616.9421291,3.45708,12.9371,,,
1541121617.097374,3.45503,12.9446,,,
1541121617.2505145,3.45503,12.9446,,,
1541121617.3982353,3.45337,12.951,,,
1541121617.5456154,3.45337,12.951,,,
1541121617.6427243,3.46048,12.951,0,0,0
1541121617.7240305,3.46048,12.3435,0,0,0
1541121617.8180487,3.46048,12.3435,,,
1541121617.9192424,3.46048,12.3435,,,
1541121618.0312626,3.50943,9.89417,0,0,0
1541121618.1184177,3.50943,9.89417,,,
1541121618.2187457,3.50943,9.89417,,,
1541121618.3188565,3.51033,9.89417,,,
1541121618.44646,3.51033,9.89186,,,
1541121618.5378273,3.51033,9.89186,,,
1541121618.6192462,3.51033,9.89186,,,
1541121618.7192385,3.51071,9.89108,,,
1541121618.821102,3.51071,9.89108,,,
1541121618.9284978,3.51071,9.89108,,,
1541121619.0187538,3.51079,9.89082,0,0,0
1541121619.1197393,3.51079,9.89082,,,
1541121619.241829,3.51079,9.89082,,,
1541121619.340853,3.51079,9.89082,,,
1541121619.424848,3.51079,9.89082,,,
1541121619.5215032,3.51079,9.89082,,,
1541121619.6191125,3.51079,9.89082,,,
1541121619.7312665,3.51064,9.89108,,,
1541121619.8207324,3.51064,9.89108,,,
1541121619.919472,3.51064,9.89108,,,
1541121620.0416887,3.51056,9.8916,0,0,0
1541121620.1266007,3.51056,9.8916,,,
1541121620.2380419,3.51056,9.8916,,,
1541121620.3210027,3.51033,9.8916,,,
1541121620.4211326,3.51033,9.89211,,,
1541121620.5211008,3.51033,9.89211,,,
1541121620.6299984,3.51033,9.89211,,,
1541121620.722337,3.51019,9.89211,,,
1541121620.8407094,3.51019,9.89211,,,
1541121620.926732,3.51019,9.89211,,,
1541121621.0407224,3.50996,9.89262,0,0,0
1541121621.1243787,3.50996,9.89262,,,
1541121621.2222333,3.50996,9.89262,,,
1541121621.3222039,3.50974,9.89262,,,
1541121621.4311154,3.50974,9.89339,,,
1541121621.523241,3.50974,9.89339,,,
1541121621.6385734,3.50974,9.89339,,,
1541121621.729088,3.50951,9.89417,,,
1541121621.8318691,3.50951,9.89417,,,
1541121621.9405882,3.50951,9.89417,,,
1541121622.0241165,3.50928,9.89493,0,0,0
1541121622.1243792,3.50928,9.89493,,,
1541121622.2244844,3.50928,9.89493,,,
1541121622.3297336,3.50905,9.89493,,,
1541121622.4406655,3.50905,9.89571,,,
1541121622.5338454,3.50905,9.89571,,,
1541121622.6249766,3.50905,9.89571,,,
1541121622.7429454,3.50874,9.89621,,,
1541121622.8506217,3.50874,9.89621,,,
1541121622.9320009,3.50874,9.89621,,,
1541121623.0321574,3.50851,9.89673,0,0,0
1541121623.1342432,3.50851,9.89673,,,
1541121623.249697,3.50851,9.89673,,,
1541121623.3448212,3.50822,9.89673,,,
1541121623.4345646,3.50822,9.89723,,,
1541121623.5342028,3.50822,9.89723,,,
1541121623.652447,3.50822,9.89723,,,
1541121623.7355742,3.508,9.89851,,,
1541121623.8360891,3.508,9.89851,,,
1541121623.9360707,3.508,9.89851,,,
1541121624.059368,3.50769,9.89929,0,0,0
1541121624.14808,3.50769,9.89929,,,
1541121624.2365892,3.50769,9.89929,,,
1541121624.336581,3.50739,9.89929,,,
1541121624.4380913,3.50739,9.90005,,,
1541121624.5459645,3.50739,9.90005,,,
1541121624.6440787,3.50739,9.90005,,,
1541121624.737196,3.50716,9.90057,,,
1541121624.8468103,3.50716,9.90057,,,
1541121624.9789884,3.50716,9.90057,,,
1541121625.0673196,3.50685,9.90108,0,0,0
1541121625.141223,3.50685,9.90108,,,
1541121625.2382195,3.50685,9.90108,,,
1541121625.3523505,3.50656,9.90108,,,
1541121625.4623275,3.50656,9.9021,,,
1541121625.5393083,3.50656,9.9021,,,
1541121625.638435,3.50656,9.9021,,,
1541121625.7454093,3.50626,9.90314,,,
1541121625.8565798,3.50626,9.90314,,,
1541121625.939807,3.50626,9.90314,,,
1541121626.0382502,3.50595,9.90314,0,0,0
1541121626.1389174,3.50595,9.90416,,,
1541121626.240843,3.50595,9.90416,,,
1541121626.3387878,3.50565,9.90416,,,
1541121626.4391725,3.50565,9.90518,,,
1541121626.539565,3.50565,9.90518,,,
1541121626.672803,3.50565,9.90518,,,
1541121626.7659576,3.50534,9.9062,,,
1541121626.8472378,3.50534,9.9062,,,
1541121626.9467325,3.50534,9.9062,,,
1541121627.0485997,3.50504,9.90698,0,0,0
1541121627.1551723,3.50504,9.90698,,,
1541121627.248098,3.50504,9.90698,,,
1541121627.3484309,3.50482,9.90698,,,
1541121627.448152,3.50482,9.90749,,,
1541121627.551495,3.50482,9.90749,,,
1541121627.648132,3.50482,9.90749,,,
1541121627.7489111,3.50444,9.90826,,,
1541121627.8484273,3.50444,9.90826,,,
1541121627.9651132,3.50444,9.90826,,,
1541121628.0713751,3.50414,9.90826,0,0,0
1541121628.1528392,3.50414,9.90903,,,
1541121628.2531106,3.50414,9.90903,,,
1541121628.3540013,3.50383,9.90903,,,
1541121628.4608881,3.50383,9.91031,,,
1541121628.5532959,3.50383,9.91031,,,
1541121628.65352,3.50383,9.91031,,,
1541121628.7532377,3.50352,9.91107,,,
1541121628.8571928,3.50352,9.91107,,,
1541121628.9542694,3.50352,9.91107,,,
1541121629.05376,3.50322,9.91107,0,0,0
1541121629.1538787,3.50322,9.91185,,,
1541121629.2689028,3.50322,9.91185,,,
1541121629.3763356,3.50293,9.91185,,,
1541121629.4587078,3.50293,9.91235,,,
1541121629.557297,3.50293,9.91235,,,
1541121629.6856873,3.50293,9.91235,,,
1541121629.7649286,3.50262,9.91339,,,
1541121629.8553984,3.50262,9.91339,,,
1541121629.9553058,3.50262,9.91339,,,
1541121630.0556712,3.50232,9.91339,0,0,0
1541121630.177166,3.50232,9.91441,,,
1541121630.2606726,3.50232,9.91441,,,
1541121630.3559227,3.50232,9.91441,,,
1541121630.4788482,3.50194,9.91544,,,
1541121630.568129,3.50194,9.91544,,,
1541121630.6797645,3.50194,9.91544,,,
1541121630.7586539,3.50171,9.91595,,,
1541121630.8571577,3.50171,9.91595,,,
1541121630.961312,3.50171,9.91595,,,
1541121631.0736885,3.50133,9.91595,0,0,0
1541121631.15783,3.50133,9.91672,,,
1541121631.2785728,3.50133,9.91672,,,
1541121631.3586729,3.50133,9.91672,,,
1541121631.4668107,3.50104,9.91774,,,
1541121631.5581079,3.50104,9.91774,,,
1541121631.6580276,3.50104,9.91774,,,
1541121631.758042,3.50073,9.91876,,,
1541121631.8622792,3.50073,9.91876,,,
1541121631.9579637,3.50073,9.91876,,,
1541121632.080026,3.50043,9.91876,0,0,0
1541121632.1591578,3.50043,9.9198,,,
1541121632.279761,3.50043,9.9198,,,
1541121632.3586512,3.50043,9.9198,,,
1541121632.458063,3.50005,9.92082,,,
1541121632.5584927,3.50005,9.92082,,,
1541121632.6672685,3.50005,9.92082,,,
1541121632.7768836,3.49974,9.92184,,,
1541121632.8816113,3.49974,9.92184,,,
1541121632.9617486,3.49974,9.92184,0,0,0
1541121633.0590112,3.49944,9.92184,,,
1541121633.1660259,3.49944,9.92261,,,
1541121633.2592428,3.49944,9.92261,,,
1541121633.3594024,3.49944,9.92261,,,
1541121633.4600255,3.49915,9.92313,,,
1541121633.582155,3.49915,9.92313,,,
1541121633.6970794,3.49915,9.92313,,,
1541121633.7695115,3.49876,9.92415,,,
1541121633.8625014,3.49876,9.92415,,,
1541121633.9709969,3.49876,9.92415,,,
1541121634.0632544,3.49846,9.92415,0,0,0
1541121634.161897,3.49846,9.92517,,,
1541121634.2621458,3.49846,9.92517,,,
1541121634.368059,3.49846,9.92517,,,
1541121634.4870625,3.49815,9.92619,,,
1541121634.57339,3.49815,9.92619,,,
1541121634.6624973,3.49815,9.92619,,,
1541121634.7679942,3.49785,9.92697,,,
1541121634.8792727,3.49785,9.92697,,,
1541121634.964,3.49785,9.92697,0,0,0
1541121635.0639956,3.49756,9.92697,,,
1541121635.1638775,3.49756,9.92747,,,
1541121635.280995,3.49756,9.92747,,,
1541121635.3761318,3.49756,9.92747,,,
1541121635.4651124,3.49718,9.92851,,,
1541121635.5637343,3.49718,9.92851,,,
1541121635.6820247,3.49718,9.92851,,,
1541121635.765276,3.49687,9.92953,,,
1541121635.865236,3.49687,9.92953,,,
1541121635.9652467,3.49687,9.92953,,,
1541121636.079747,3.49657,9.92953,0,0,0
1541121636.1793716,3.49657,9.93082,,,
1541121636.2667081,3.49657,9.93082,,,
1541121636.3675897,3.49657,9.93082,,,
1541121636.469177,3.49619,9.93158,,,
1541121636.5754294,3.49619,9.93158,,,
1541121636.6669102,3.49619,9.93158,,,
1541121636.7699945,3.49588,9.93236,,,
1541121636.8731596,3.49588,9.93236,,,
1541121636.996335,3.49588,9.93236,0,0,0
1541121637.0947323,3.49559,9.93236,,,
1541121637.1696358,3.49559,9.93312,,,
1541121637.26711,3.49559,9.93312,,,
1541121637.378003,3.49559,9.93312,,,
1541121637.4677548,3.49521,9.93414,,,
1541121637.5682096,3.49521,9.93414,,,
1541121637.668191,3.49521,9.93414,,,
1541121637.7941167,3.4949,9.93542,,,
1541121637.886501,3.4949,9.93542,,,
1541121637.969636,3.4949,9.93542,0,0,0
1541121638.0689912,3.4946,9.93542,,,
1541121638.1687477,3.4946,9.93645,,,
1541121638.2772305,3.4946,9.93645,,,
1541121638.3682518,3.4946,9.93645,,,
1541121638.4684868,3.49422,9.93748,,,
1541121638.5912383,3.49422,9.93748,,,
1541121638.672955,3.49422,9.93748,,,
1541121638.7696245,3.49393,9.93825,,,
1541121638.8687146,3.49393,9.93825,,,
1541121638.970079,3.49393,9.93825,0,0,0
1541121639.084336,3.49355,9.93825,,,
1541121639.1688395,3.49355,9.93877,,,
1541121639.269362,3.49355,9.93877,,,
1541121639.3941965,3.49355,9.93877,,,
1541121639.478404,3.49324,9.93979,,,
1541121639.586747,3.49324,9.93979,,,
1541121639.6711276,3.49324,9.93979,,,
1541121639.7713878,3.49294,9.93979,,,
1541121639.877889,3.49294,9.94107,,,
1541121639.9771104,3.49294,9.94107,0,0,0
1541121640.0724614,3.49255,9.94107,,,
1541121640.1956937,3.49255,9.94209,,,
1541121640.2732198,3.49255,9.94209,,,
1541121640.3924727,3.49255,9.94209,,,
1541121640.4762266,3.49217,9.94312,,,
1541121640.5720038,3.49217,9.94312,,,
1541121640.6721041,3.49217,9.94312,,,
1541121640.7823558,3.49188,9.94363,,,
1541121640.8732116,3.49188,9.94363,,,
1541121640.997212,3.49188,9.94363,0,0,0
1541121641.0755908,3.49158,9.94363,,,
1541121641.1784465,3.49158,9.94466,,,
1541121641.2890844,3.49158,9.94466,,,
1541121641.372856,3.49158,9.94466,,,
1541121641.4729779,3.4912,9.94568,,,
1541121641.5730891,3.4912,9.94568,,,
1541121641.683103,3.4912,9.94568,,,
1541121641.7971838,3.49089,9.94568,,,
1541121641.8782084,3.49089,9.94696,,,
1541121641.974955,3.49089,9.94696,0,0,0
1541121642.0929725,3.49051,9.94696,,,
1541121642.176217,3.49051,9.94748,,,
1541121642.2749631,3.49051,9.94748,,,
1541121642.3752031,3.49051,9.94748,,,
1541121642.482943,3.49022,9.94824,,,
1541121642.6033084,3.49022,9.94824,,,
1541121642.6826699,3.49022,9.94824,,,
1541121642.7757003,3.48984,9.94824,,,
1541121642.8785934,3.48984,9.94926,,,
1541121642.985582,3.48984,9.94926,0,0,0
1541121643.0767024,3.48984,9.94926,,,
1541121643.1761916,3.48953,9.95029,,,
1541121643.276818,3.48953,9.95029,,,
1541121643.4184885,3.48953,9.95029,,,
1541121643.5072017,3.48915,9.95157,,,
1541121643.5795887,3.48915,9.95157,,,
1541121643.6782572,3.48915,9.95157,,,
1541121643.789086,3.48885,9.95157,,,
1541121643.9007962,3.48885,9.95261,,,
1541121643.9799497,3.48885,9.95261,0,0,0
1541121644.0783386,3.48885,9.95261,,,
1541121644.1971207,3.48848,9.95389,,,
1541121644.2897034,3.48848,9.95389,,,
1541121644.3785837,3.48848,9.95389,,,
1541121644.4784205,3.48817,9.95465,,,
1541121644.5786939,3.48817,9.95465,,,
1541121644.6863053,3.48817,9.95465,,,
1541121644.7788336,3.48779,9.95465,,,
1541121644.879886,3.48779,9.95517,,,
1541121644.9961994,3.48779,9.95517,0,0,0
1541121645.101257,3.48779,9.95517,,,
1541121645.2131755,3.48749,9.95645,,,
1541121645.2803905,3.48749,9.95645,,,
1541121645.3793287,3.48749,9.95645,,,
1541121645.4949265,3.48711,9.95747,,,
1541121645.6034317,3.48711,9.95747,,,
1541121645.6803858,3.48711,9.95747,,,
1541121645.779419,3.4868,9.95747,,,
1541121645.8879366,3.4868,9.9585,,,
1541121645.9958081,3.4868,9.9585,0,0,0
1541121646.0790577,3.4868,9.9585,,,
1541121646.1789038,3.48643,9.95952,,,
1541121646.2789319,3.48643,9.95952,,,
1541121646.387198,3.48643,9.95952,,,
1541121646.4829135,3.48613,9.96004,,,
1541121646.5832796,3.48613,9.96004,,,
1541121646.6839378,3.48613,9.96004,,,
1541121646.8267608,3.48575,9.96004,,,
1541121646.9069984,3.48575,9.96106,,,
1541121646.9846878,3.48575,9.96106,0,0,0
1541121647.0829048,3.48575,9.96106,,,
1541121647.1889343,3.48544,9.96234,,,
1541121647.2990868,3.48544,9.96234,,,
1541121647.3831384,3.48544,9.96234,,,
1541121647.4833086,3.48506,9.96336,,,
1541121647.5846162,3.48506,9.96336,,,
1541121647.7043507,3.48506,9.96336,,,
1541121647.7837083,3.48477,9.96336,,,
1541121647.8847973,3.48477,9.96388,,,
1541121647.9819362,3.48477,9.96388,0,0,0
1541121648.0865488,3.48477,9.96388,,,
1541121648.183792,3.48439,9.96465,,,
1541121648.2866657,3.48439,9.96465,,,
1541121648.38295,3.48439,9.96465,,,
1541121648.515412,3.48409,9.96593,,,
1541121648.6110895,3.48409,9.96593,,,
1541121648.688575,3.48409,9.96593,,,
1541121648.7866724,3.4837,9.96593,,,
1541121648.8945377,3.4837,9.96721,,,
1541121649.0032775,3.4837,9.96721,0,0,0
1541121649.0856607,3.4837,9.96721,,,
1541121649.1869164,3.4834,9.96823,,,
1541121649.3072405,3.4834,9.96823,,,
1541121649.391783,3.4834,9.96823,,,
1541121649.4866579,3.48303,9.96823,,,
1541121649.5866647,3.48303,9.96951,,,
1541121649.6856668,3.48303,9.96951,,,
1541121649.8092864,3.48265,9.96951,,,
1541121649.8921404,3.48265,9.97055,,,
1541121649.990113,3.48265,9.97055,0,0,0
1541121650.1156268,3.48265,9.97055,,,
1541121650.198638,3.48235,9.97105,,,
1541121650.310908,3.48235,9.97105,,,
1541121650.3886554,3.48235,9.97105,,,
1541121650.4880865,3.48196,9.97105,,,
1541121650.5947804,3.48196,9.97208,,,
1541121650.70578,3.48196,9.97208,,,
1541121650.788521,3.48166,9.97208,,,
1541121650.911215,3.48166,9.9731,,,
1541121650.9892921,3.48166,9.9731,0,0,0
1541121651.0963995,3.48166,9.9731,,,
1541121651.1887693,3.48128,9.97438,,,
1541121651.2890031,3.48128,9.97438,,,
1541121651.3888896,3.48128,9.97438,,,
1541121651.509284,3.48091,9.97542,,,
1541121651.5919063,3.48091,9.97542,,,
1541121651.711335,3.48091,9.97542,,,
1541121651.7926562,3.48061,9.97542,,,
1541121651.8973832,3.48061,9.97618,,,
1541121652.0062692,3.48061,9.97618,0,0,0
1541121652.0901635,3.48061,9.97618,,,
1541121652.1893857,3.48022,9.97694,,,
1541121652.2895246,3.48022,9.97694,,,
1541121652.3975744,3.48022,9.97694,,,
1541121652.5087223,3.47984,9.97694,,,
1541121652.5971572,3.47984,9.97798,,,
1541121652.6900213,3.47984,9.97798,,,
1541121652.8087592,3.47954,9.97798,,,
1541121652.8916454,3.47954,9.97926,,,
1541121652.9936352,3.47954,9.97926,0,0,0
1541121653.091769,3.47954,9.97926,,,
1541121653.1994982,3.47917,9.98003,,,
1541121653.3160875,3.47917,9.98003,,,
1541121653.4012585,3.47917,9.98003,,,
1541121653.4916534,3.47887,9.98003,,,
1541121653.592729,3.47887,9.98055,,,
1541121653.7007706,3.47887,9.98055,,,
1541121653.791724,3.47887,9.98055,,,
1541121653.8917284,3.47849,9.98233,,,
1541121653.9917748,3.47849,9.98233,0,0,0
1541121654.1330612,3.47849,9.98233,,,
1541121654.2249925,3.4781,9.98335,,,
1541121654.2967565,3.4781,9.98335,,,
1541121654.3929784,3.4781,9.98335,,,
1541121654.504981,3.4778,9.98335,,,
1541121654.5936136,3.4778,9.98413,,,
1541121654.6927454,3.4778,9.98413,,,
1541121654.7931173,3.4778,9.98413,,,
1541121654.90657,3.47743,9.98541,,,
1541121655.0063574,3.47743,9.98541,0,0,0
1541121655.0953736,3.47743,9.98541,,,
1541121655.1966376,3.47705,9.98669,,,
1541121655.2948859,3.47705,9.98669,,,
1541121655.4037237,3.47705,9.98669,,,
1541121655.4948888,3.47675,9.98669,,,
1541121655.5948796,3.47675,9.98772,,,
1541121655.699461,3.47675,9.98772,,,
1541121655.8172019,3.47675,9.98772,,,
1541121655.9283574,3.47636,9.98848,,,
1541121655.9970067,3.47636,9.98848,0,0,0
1541121656.095863,3.47636,9.98848,,,
1541121656.2086005,3.47598,9.98926,,,
1541121656.2964814,3.47598,9.98926,,,
1541121656.3964958,3.47598,9.98926,,,
1541121656.4966187,3.47569,9.98926,,,
1541121656.610055,3.47569,9.99028,,,
1541121656.7149723,3.47569,9.99028,,,
1541121656.7971008,3.47569,9.99028,,,
1541121656.8959997,3.47531,9.99156,,,
1541121656.9973419,3.47531,9.99156,0,0,0
1541121657.103507,3.47531,9.99156,,,
1541121657.1964922,3.47493,9.99232,,,
1541121657.2979562,3.47493,9.99232,,,
1541121657.397985,3.47493,9.99232,,,
1541121657.5391846,3.47462,9.99232,,,
1541121657.6298292,3.47462,9.9931,,,
1541121657.700365,3.47462,9.9931,,,
1541121657.7988586,3.47462,9.9931,,,
1541121657.9100885,3.47424,9.99387,,,
1541121657.997708,3.47424,9.99387,0,0,0
1541121658.0986013,3.47424,9.99387,,,
1541121658.198605,3.47395,9.99515,,,
1541121658.3050878,3.47395,9.99515,,,
1541121658.4208527,3.47395,9.99515,,,
1541121658.5001113,3.47357,9.99515,,,
1541121658.5992084,3.47357,9.99643,,,
1541121658.6996136,3.47357,9.99643,,,
1541121658.8073359,3.47357,9.99643,,,
1541121658.899481,3.47319,9.99771,,,
1541121658.999461,3.47319,9.99771,0,0,0
1541121659.0994916,3.47319,9.99771,,,
1541121659.2216609,3.47281,9.99899,,,
1541121659.3026938,3.47281,9.99899,,,
1541121659.399462,3.47281,9.99899,,,
1541121659.4992144,3.47243,9.99899,,,
1541121659.6159472,3.47243,10,,,
1541121659.6994662,3.47243,10,,,
1541121659.7998335,3.47243,10,,,
1541121659.899729,3.47214,10.0008,,,
1541121660.0290625,3.47214,10.0008,0,0,0
1541121660.120842,3.47214,10.0008,,,
1541121660.200816,3.47176,10.0008,,,
1541121660.302568,3.47176,10.0016,,,
1541121660.4050922,3.47176,10.0016,,,
1541121660.5099542,3.47145,10.0016,,,
1541121660.6029482,3.47145,10.0026,,,
1541121660.7017393,3.47145,10.0026,,,
1541121660.8260262,3.47145,10.0026,,,
1541121660.9250603,3.47107,10.0039,,,
1541121661.006949,3.47107,10.0039,0,0,0
1541121661.1028295,3.47107,10.0039,,,
1541121661.2031996,3.47069,10.0039,,,
1541121661.315336,3.47069,10.0049,,,
1541121661.4035776,3.47069,10.0049,,,
1541121661.5032165,3.47069,10.0049,,,
1541121661.6271822,3.47032,10.0054,,,
1541121661.7094414,3.47032,10.0054,,,
1541121661.8211122,3.47032,10.0054,,,
1541121661.905066,3.47002,10.0064,,,
1541121662.0038352,3.47002,10.0064,0,0,0
1541121662.103813,3.47002,10.0064,,,
1541121662.2139392,3.46964,10.0064,,,
1541121662.3055727,3.46964,10.0077,,,
1541121662.4254036,3.46964,10.0077,,,
1541121662.5094442,3.46964,10.0077,,,
1541121662.6268399,3.46925,10.009,,,
1541121662.7065666,3.46925,10.009,,,
1541121662.8058186,3.46925,10.009,,,
1541121662.906062,3.46887,10.0098,,,
1541121663.0136778,3.46887,10.0098,0,0,0
1541121663.1238058,3.46887,10.0098,,,
1541121663.2204418,3.46851,10.0098,,,
1541121663.310932,3.46851,10.0105,,,
1541121663.4090517,3.46851,10.0105,,,
1541121663.516819,3.4682,10.0105,,,
1541121663.6068,3.4682,10.0116,,,
1541121663.7069526,3.4682,10.0116,,,
1541121663.807931,3.4682,10.0116,,,
1541121663.9292796,3.46782,10.0128,,,
1541121664.0233915,3.46782,10.0128,0,0,0
1541121664.1154451,3.46782,10.0128,,,
1541121664.2080564,3.46744,10.0128,,,
1541121664.3194427,3.46744,10.0141,,,
1541121664.4307938,3.46744,10.0141,,,
1541121664.509304,3.46744,10.0141,,,
1541121664.6084208,3.46706,10.0151,,,
1541121664.7145486,3.46706,10.0151,,,
1541121664.8333807,3.46706,10.0151,,,
1541121664.9182775,3.46669,10.0164,,,
1541121665.008673,3.46669,10.0164,0,0,0
1541121665.1085653,3.46669,10.0164,,,
1541121665.214426,3.46638,10.0164,,,
1541121665.3094215,3.46638,10.0172,,,
1541121665.409281,3.46638,10.0172,,,
1541121665.509286,3.46638,10.0172,,,
1541121665.6423724,3.466,10.018,,,
1541121665.7370443,3.466,10.018,,,
1541121665.811528,3.466,10.018,,,
1541121665.9095669,3.46562,10.0192,,,
1541121666.0189316,3.46562,10.0192,0,0,0
1541121666.109022,3.46562,10.0192,,,
1541121666.209021,3.46524,10.0192,,,
1541121666.3090174,3.46524,10.0203,,,
1541121666.4233298,3.46524,10.0203,,,
1541121666.527667,3.46524,10.0203,,,
1541121666.610014,3.46487,10.0215,,,
1541121666.7106817,3.46487,10.0215,,,
1541121666.8115287,3.46487,10.0215,,,
1541121666.9191668,3.46457,10.0223,,,
1541121667.0105171,3.46457,10.0223,0,0,0
1541121667.11081,3.46457,10.0223,,,
1541121667.2113106,3.46419,10.0223,,,
1541121667.3543913,3.46419,10.0231,,,
1541121667.4435396,3.46419,10.0231,,,
1541121667.5155358,3.46419,10.0231,,,
1541121667.6124046,3.46381,10.0244,,,
1541121667.7265432,3.46381,10.0244,,,
1541121667.812397,3.46381,10.0244,,,
1541121667.9117577,3.46342,10.0257,,,
1541121668.0118916,3.46342,10.0257,0,0,0
1541121668.1196449,3.46342,10.0257,,,
1541121668.2331226,3.46306,10.0257,,,
1541121668.3125155,3.46306,10.0267,,,
1541121668.4122677,3.46306,10.0267,,,
1541121668.5122747,3.46306,10.0267,,,
1541121668.618207,3.46268,10.0275,,,
1541121668.713642,3.46268,10.0275,,,
1541121668.8126395,3.46268,10.0275,,,
1541121668.9129012,3.46237,10.0275,,,
1541121669.0506275,3.46237,10.0282,0,0,0
1541121669.1165082,3.46237,10.0282,,,
1541121669.214528,3.46199,10.0282,,,
1541121669.3144941,3.46199,10.03,,,
1541121669.4246616,3.46199,10.03,,,
1541121669.5147781,3.46199,10.03,,,
1541121669.614884,3.46161,10.0308,,,
1541121669.715004,3.46161,10.0308,,,
1541121669.845856,3.46161,10.0308,,,
1541121669.9362586,3.46124,10.0308,,,
1541121670.0155082,3.46124,10.0321,0,0,0
1541121670.1153953,3.46124,10.0321,,,
1541121670.2160125,3.46086,10.0321,,,
1541121670.3237832,3.46086,10.0333,,,
1541121670.4181292,3.46086,10.0333,,,
1541121670.5163777,3.46086,10.0333,,,
1541121670.639399,3.46048,10.0344,,,
1541121670.7392528,3.46048,10.0344,,,
1541121670.8235304,3.46048,10.0344,,,
1541121670.9161325,3.4601,10.0344,,,
1541121671.0177631,3.4601,10.0354,0,0,0
1541121671.1295269,3.4601,10.0354,,,
1541121671.2404976,3.45979,10.0354,,,
1541121671.318213,3.45979,10.0359,,,
1541121671.439761,3.45979,10.0359,,,
1541121671.5256093,3.45979,10.0359,,,
1541121671.6345084,3.45943,10.0372,,,
1541121671.7185104,3.45943,10.0372,,,
1541121671.8187637,3.45943,10.0372,,,
1541121671.9187572,3.45905,10.0372,,,
1541121672.0250235,3.45905,10.0385,0,0,0
1541121672.1180496,3.45905,10.0385,,,
1541121672.2392597,3.45866,10.0385,,,
1541121672.3210042,3.45866,10.0397,,,
1541121672.4392397,3.45866,10.0397,,,
1541121672.5232632,3.45866,10.0397,,,
1541121672.6196446,3.45828,10.0408,,,
1541121672.7195153,3.45828,10.0408,,,
1541121672.8334966,3.45828,10.0408,,,
1541121672.9436252,3.4579,10.0408,,,
1541121673.0384827,3.4579,10.0413,0,0,0
1541121673.1263783,3.4579,10.0413,,,
1541121673.2267652,3.4579,10.0413,,,
1541121673.3367748,3.45753,10.0423,,,
1541121673.4205184,3.45753,10.0423,,,
1541121673.5192213,3.45753,10.0423,,,
1541121673.6193717,3.45723,10.0436,,,
1541121673.728748,3.45723,10.0436,,,
1541121673.8354368,3.45723,10.0436,,,
1541121673.928235,3.45685,10.0436,,,
1541121674.020494,3.45685,10.0449,0,0,0
1541121674.1389825,3.45685,10.0449,,,
1541121674.224216,3.45685,10.0449,,,
1541121674.3211167,3.45647,10.0462,,,
1541121674.4211178,3.45647,10.0462,,,
1541121674.529486,3.45647,10.0462,,,
1541121674.6464307,3.45609,10.0474,,,
1541121674.7555013,3.45609,10.0474,,,
1541121674.8383925,3.45609,10.0474,,,
1541121674.9270616,3.45572,10.0474,,,
1541121675.0300524,3.45572,10.0479,0,0,0
1541121675.1266277,3.45572,10.0479,,,
1541121675.2264237,3.45572,10.0479,,,
1541121675.326931,3.45534,10.049,,,
1541121675.447024,3.45534,10.049,,,
1541121675.560093,3.45534,10.049,,,
1541121675.6373458,3.45496,10.0503,,,
1541121675.7273602,3.45496,10.0503,,,
1541121675.831372,3.45496,10.0503,,,
1541121675.943598,3.45457,10.0503,,,
1541121676.028169,3.45457,10.0513,0,0,0
1541121676.126231,3.45457,10.0513,,,
1541121676.2277315,3.45457,10.0513,,,
1541121676.3441968,3.45419,10.0526,,,
1541121676.462742,3.45419,10.0526,,,
1541121676.5354571,3.45419,10.0526,,,
1541121676.6295993,3.45383,10.0533,,,
1541121676.7463534,3.45383,10.0533,,,
1541121676.853597,3.45383,10.0533,,,
1541121676.9323657,3.45345,10.0533,,,
1541121677.0336103,3.45345,10.0541,0,0,0
1541121677.14035,3.45345,10.0541,,,
1541121677.2479875,3.45345,10.0541,,,
1541121677.3348396,3.45306,10.0554,,,
1541121677.434461,3.45306,10.0554,,,
1541121677.5334625,3.45306,10.0554,,,
1541121677.6559808,3.45268,10.0567,,,
1541121677.7383437,3.45268,10.0567,,,
1541121677.8359299,3.45268,10.0567,,,
1541121677.9381752,3.4523,10.0567,,,
1541121678.0669603,3.4523,10.058,0,0,0
1541121678.157642,3.4523,10.058,,,
1541121678.2390594,3.4523,10.058,,,
1541121678.3388202,3.45201,10.0585,,,
1541121678.438563,3.45201,10.0585,,,
1541121678.545386,3.45201,10.0585,,,
1541121678.63866,3.45163,10.0597,,,
1541121678.7383776,3.45163,10.0597,,,
1541121678.838368,3.45163,10.0597,,,
1541121678.986735,3.45125,10.0597,,,
1541121679.0707772,3.45125,10.0613,0,0,0
1541121679.1425145,3.45125,10.0613,,,
1541121679.238926,3.45125,10.0613,,,
1541121679.352591,3.45087,10.062,,,
1541121679.4392009,3.45087,10.062,,,
1541121679.5389755,3.45087,10.062,,,
1541121679.6395404,3.45049,10.0633,,,
1541121679.7471728,3.45049,10.0633,,,
1541121679.8642797,3.45049,10.0633,,,
1541121679.942599,3.45012,10.0633,,,
1541121680.0400536,3.45012,10.0646,0,0,0
1541121680.1406724,3.45012,10.0646,,,
1541121680.2451916,3.45012,10.0646,,,
1541121680.340588,3.44974,10.0659,,,
1541121680.4412742,3.44974,10.0659,,,
1541121680.5457363,3.44974,10.0659,,,
1541121680.6786222,3.44936,10.0664,,,
1541121680.7636933,3.44936,10.0664,,,
1541121680.8426158,3.44936,10.0664,,,
1541121680.9410899,3.44897,10.0664,,,
1541121681.0465534,3.44897,10.0674,0,0,0
1541121681.1573572,3.44897,10.0674,,,
1541121681.2418005,3.44897,10.0674,,,
1541121681.3416257,3.44859,10.0687,,,
1541121681.4660213,3.44859,10.0687,,,
1541121681.5497775,3.44859,10.0687,,,
1541121681.6415071,3.44823,10.0687,,,
1541121681.7416186,3.44823,10.07,,,
1541121681.8431273,3.44823,10.07,,,
1541121681.9461482,3.44785,10.07,,,
1541121682.0427382,3.44785,10.071,0,0,0
1541121682.1426084,3.44785,10.071,,,
1541121682.2675817,3.44785,10.071,,,
1541121682.357032,3.44746,10.0718,,,
1541121682.4441247,3.44746,10.0718,,,
1541121682.5430064,3.44746,10.0718,,,
1541121682.6426013,3.44708,10.0718,,,
1541121682.7521834,3.44708,10.0728,,,
1541121682.8604946,3.44708,10.0728,,,
1541121682.9457586,3.44672,10.0728,,,
1541121683.0701444,3.44672,10.0741,0,0,0
1541121683.1512792,3.44672,10.0741,,,
1541121683.2534306,3.44672,10.0741,,,
1541121683.3437912,3.44633,10.0754,,,
1541121683.4425635,3.44633,10.0754,,,
1541121683.5421522,3.44633,10.0754,,,
1541121683.6662896,3.44595,10.0767,,,
1541121683.74812,3.44595,10.0767,,,
1541121683.860893,3.44595,10.0767,,,
1541121683.949302,3.44557,10.0767,,,
1541121684.0570283,3.44557,10.0779,0,0,0
1541121684.144529,3.44557,10.0779,,,
1541121684.244418,3.44557,10.0779,,,
1541121684.3446531,3.44519,10.0792,,,
1541121684.451445,3.44519,10.0792,,,
1541121684.563815,3.44519,10.0792,,,
1541121684.6609008,3.44482,10.0792,,,
1541121684.7527978,3.44482,10.0797,,,
1541121684.850602,3.44482,10.0797,,,
1541121684.9633882,3.44444,10.0797,,,
1541121685.0461543,3.44444,10.0808,0,0,0
1541121685.1462748,3.44444,10.0808,,,
1541121685.2462757,3.44444,10.0808,,,
1541121685.3552723,3.44406,10.082,,,
1541121685.4573588,3.44406,10.082,,,
1541121685.555645,3.44406,10.082,,,
1541121685.6485195,3.44368,10.082,,,
1541121685.767791,3.44368,10.0833,,,
1541121685.8480372,3.44368,10.0833,,,
1541121685.9479368,3.44368,10.0833,,,
1541121686.0464053,3.4433,10.0846,0,0,0
1541121686.1566617,3.4433,10.0846,,,
1541121686.2728388,3.4433,10.0846,,,
1541121686.3633897,3.44293,10.0851,,,
1541121686.4481974,3.44293,10.0851,,,
1541121686.5466423,3.44293,10.0851,,,
1541121686.656768,3.44255,10.0851,,,
1541121686.74837,3.44255,10.0861,,,
1541121686.8473797,3.44255,10.0861,,,
1541121686.9485445,3.44255,10.0861,,,
1541121687.0838134,3.44217,10.0874,0,0,0
1541121687.1826286,3.44217,10.0874,,,
1541121687.24902,3.44217,10.0874,,,
1541121687.3487725,3.44179,10.0887,,,
1541121687.460789,3.44179,10.0887,,,
1541121687.573047,3.44179,10.0887,,,
1541121687.6502886,3.44133,10.0887,,,
1541121687.7492418,3.44133,10.0897,,,
1541121687.8508782,3.44133,10.0897,,,
1541121687.9709373,3.44133,10.0897,,,
1541121688.0706677,3.44104,10.0905,0,0,0
1541121688.1492474,3.44104,10.0905,,,
1541121688.2492502,3.44104,10.0905,,,
1541121688.3707638,3.44058,10.0923,,,
1541121688.4553838,3.44058,10.0923,,,
1541121688.548981,3.44058,10.0923,,,
1541121688.6492388,3.4402,10.0923,,,
1541121688.760902,3.4402,10.0938,,,
1541121688.8790174,3.4402,10.0938,,,
1541121688.952636,3.4402,10.0938,0,0,0
1541121689.0497408,3.43982,10.0943,,,
1541121689.1581578,3.43982,10.0943,,,
1541121689.267665,3.43982,10.0943,,,
1541121689.3501174,3.43945,10.0956,,,
1541121689.4506178,3.43945,10.0956,,,
1541121689.5504832,3.43945,10.0956,,,
1541121689.6738555,3.43907,10.0956,,,
1541121689.7516131,3.43907,10.0969,,,
1541121689.8525052,3.43907,10.0969,,,
1541121689.951387,3.43907,10.0969,,,
1541121690.0563667,3.43869,10.0982,0,0,0
1541121690.1528652,3.43869,10.0982,,,
1541121690.2513626,3.43869,10.0982,,,
1541121690.3514848,3.43831,10.0992,,,
1541121690.4865856,3.43831,10.0992,,,
1541121690.5765574,3.43831,10.0992,,,
1541121690.655607,3.43793,10.0992,,,
1541121690.756255,3.43793,10.0997,,,
1541121690.863248,3.43793,10.0997,,,
1541121690.972905,3.43793,10.0997,,,
1541121691.0541327,3.43756,10.101,0,0,0
1541121691.15563,3.43756,10.101,,,
1541121691.2794147,3.43756,10.101,,,
1541121691.3595016,3.43718,10.1023,,,
1541121691.4562714,3.43718,10.1023,,,
1541121691.556344,3.43718,10.1023,,,
1541121691.6563542,3.4368,10.1023,,,
1541121691.7771,3.4368,10.1036,,,
1541121691.8586535,3.4368,10.1036,,,
1541121691.956736,3.4368,10.1036,,,
1541121692.0814395,3.43642,10.1043,0,0,0
1541121692.1683965,3.43642,10.1043,,,
1541121692.2801175,3.43642,10.1043,,,
1541121692.3589869,3.43604,10.1043,,,
1541121692.4567168,3.43604,10.1051,,,
1541121692.561623,3.43604,10.1051,,,
1541121692.6741107,3.43559,10.1051,,,
1541121692.7581372,3.43559,10.1064,,,
1541121692.8781374,3.43559,10.1064,,,
1541121692.9618711,3.43559,10.1064,0,0,0
1541121693.0644314,3.43521,10.1079,,,
1541121693.1573417,3.43521,10.1079,,,
1541121693.2588522,3.43521,10.1079,,,
1541121693.3579826,3.43483,10.1079,,,
1541121693.4607432,3.43483,10.1089,,,
1541121693.558848,3.43483,10.1089,,,
1541121693.676216,3.43445,10.1089,,,
1541121693.7680387,3.43445,10.1105,,,
1541121693.872254,3.43445,10.1105,,,
1541121693.9587343,3.43445,10.1105,0,0,0
1541121694.060359,3.43407,10.1118,,,
1541121694.1603603,3.43407,10.1118,,,
1541121694.2678962,3.43407,10.1118,,,
1541121694.3760886,3.4337,10.1118,,,
1541121694.4745622,3.4337,10.1125,,,
1541121694.5678566,3.4337,10.1125,,,
1541121694.6624844,3.4337,10.1125,,,
1541121694.769734,3.43332,10.1133,,,
1541121694.8595889,3.43332,10.1133,,,
1541121694.9599743,3.43332,10.1133,,,
1541121695.0598762,3.43294,10.1146,0,0,0
1541121695.1816003,3.43294,10.1146,,,
1541121695.2728677,3.43294,10.1146,,,
1541121695.370744,3.43256,10.1146,,,
1541121695.4607434,3.43256,10.1159,,,
1541121695.5711162,3.43256,10.1159,,,
1541121695.6624544,3.43256,10.1159,,,
1541121695.761368,3.43211,10.1172,,,
1541121695.8613734,3.43211,10.1172,,,
1541121695.96814,3.43211,10.1172,,,
1541121696.086293,3.43173,10.1184,0,0,0
1541121696.1759698,3.43173,10.1184,,,
1541121696.262251,3.43173,10.1184,,,
1541121696.3619828,3.43143,10.1184,,,
1541121696.472625,3.43143,10.119,,,
1541121696.5619912,3.43143,10.119,,,
1541121696.662327,3.43143,10.119,,,
1541121696.7625928,3.43097,10.1202,,,
1541121696.8693883,3.43097,10.1202,,,
1541121696.9948347,3.43097,10.1202,0,0,0
1541121697.0664706,3.43059,10.1215,,,
1541121697.162811,3.43059,10.1215,,,
1541121697.278279,3.43059,10.1215,,,
1541121697.363979,3.43022,10.1215,,,
1541121697.4641078,3.43022,10.1228,,,
1541121697.5643432,3.43022,10.1228,,,
1541121697.6766021,3.43022,10.1228,,,
1541121697.7795672,3.42976,10.1243,,,
1541121697.8635945,3.42976,10.1243,,,
1541121697.9649937,3.42976,10.1243,,,
1541121698.065108,3.42938,10.1256,0,0,0
1541121698.170737,3.42938,10.1256,,,
1541121698.2656143,3.42938,10.1256,,,
1541121698.3665712,3.429,10.1256,,,
1541121698.4655952,3.429,10.1266,,,
1541121698.60729,3.429,10.1266,,,
1541121698.6961823,3.42862,10.1266,,,
1541121698.7694674,3.42862,10.1274,,,
1541121698.8659692,3.42862,10.1274,,,
1541121698.977979,3.42862,10.1274,0,0,0
1541121699.0890722,3.42825,10.1284,,,
1541121699.1683538,3.42825,10.1284,,,
1541121699.2670739,3.42825,10.1284,,,
1541121699.3722336,3.42787,10.1284,,,
1541121699.489734,3.42787,10.1297,,,
1541121699.5687122,3.42787,10.1297,,,
1541121699.668118,3.42787,10.1297,,,
1541121699.7679148,3.42749,10.131,,,
1541121699.8765671,3.42749,10.131,,,
1541121699.9684665,3.42749,10.131,0,0,0
1541121700.0682771,3.42703,10.1323,,,
1541121700.1681898,3.42703,10.1323,,,
1541121700.2909458,3.42703,10.1323,,,
1541121700.375938,3.42667,10.1323,,,
1541121700.4673119,3.42667,10.133,,,
1541121700.5688188,3.42667,10.133,,,
1541121700.6825726,3.42667,10.133,,,
1541121700.7928565,3.42628,10.1341,,,
1541121700.869835,3.42628,10.1341,,,
1541121700.9691932,3.42628,10.1341,0,0,0
1541121701.092096,3.4259,10.1354,,,
1541121701.1790736,3.4259,10.1354,,,
1541121701.268701,3.4259,10.1354,,,
1541121701.3692985,3.42552,10.1354,,,
1541121701.4695735,3.42552,10.1366,,,
1541121701.5764303,3.42552,10.1366,,,
1541121701.6694357,3.42552,10.1366,,,
1541121701.7693052,3.42514,10.1379,,,
1541121701.8938463,3.42514,10.1379,,,
1541121701.9916933,3.42514,10.1379,0,0,0
1541121702.075182,3.42477,10.1379,,,
1541121702.1704457,3.42477,10.1387,,,
1541121702.2700496,3.42477,10.1387,,,
1541121702.382417,3.42432,10.1387,,,
1541121702.472542,3.42432,10.1405,,,
1541121702.5710573,3.42432,10.1405,,,
1541121702.6943736,3.42432,10.1405,,,
1541121702.7783217,3.42393,10.1413,,,
1541121702.8892934,3.42393,10.1413,,,
1541121702.9718308,3.42393,10.1413,0,0,0
1541121703.0718331,3.42355,10.1413,,,
1541121703.171915,3.42355,10.1423,,,
1541121703.282313,3.42355,10.1423,,,
1541121703.373337,3.42355,10.1423,,,
1541121703.493286,3.42317,10.1436,,,
1541121703.5781605,3.42317,10.1436,,,
1541121703.6916971,3.42317,10.1436,,,
1541121703.7750225,3.42273,10.1448,,,
1541121703.8737793,3.42273,10.1448,,,
1541121703.9735432,3.42273,10.1448,0,0,0
1541121704.0820618,3.42235,10.1461,,,
1541121704.1909516,3.42235,10.1461,,,
1541121704.2896724,3.42235,10.1461,,,
1541121704.3794081,3.42197,10.1461,,,
1541121704.4786503,3.42197,10.1474,,,
1541121704.5852838,3.42197,10.1474,,,
1541121704.6753016,3.42197,10.1474,,,
1541121704.774335,3.42159,10.1479,,,
1541121704.8752637,3.42159,10.1479,,,
1541121704.9981744,3.42159,10.1479,0,0,0
1541121705.112394,3.42122,10.1479,,,
1541121705.18503,3.42122,10.1492,,,
1541121705.2750397,3.42122,10.1492,,,
1541121705.3892956,3.42084,10.1492,,,
1541121705.4994247,3.42084,10.1505,,,
1541121705.5777502,3.42084,10.1505,,,
1541121705.6770031,3.42084,10.1505,,,
1541121705.782381,3.42038,10.152,,,
1541121705.9020114,3.42038,10.152,,,
1541121705.9893074,3.42038,10.152,0,0,0
1541121706.079762,3.42,10.152,,,
1541121706.1833732,3.42,10.153,,,
1541121706.2940373,3.42,10.153,,,
1541121706.3778503,3.42,10.153,,,
1541121706.4781458,3.41962,10.1541,,,
1541121706.577974,3.41962,10.1541,,,
1541121706.6936195,3.41962,10.1541,,,
1541121706.792178,3.41925,10.1559,,,
1541121706.8778143,3.41925,10.1559,,,
1541121706.9785256,3.41925,10.1559,0,0,0
1541121707.0988994,3.41879,10.1566,,,
1541121707.1802874,3.41879,10.1566,,,
1541121707.2790422,3.41879,10.1566,,,
1541121707.379163,3.41879,10.1566,,,
1541121707.493217,3.41841,10.1577,,,
1541121707.5969017,3.41841,10.1577,,,
1541121707.6792495,3.41841,10.1577,,,
1541121707.778499,3.41803,10.1589,,,
1541121707.8797696,3.41803,10.1589,,,
1541121707.9863815,3.41803,10.1589,0,0,0
1541121708.078507,3.41766,10.1589,,,
1541121708.17941,3.41766,10.1602,,,
1541121708.2790136,3.41766,10.1602,,,
1541121708.4232216,3.41721,10.1602,,,
1541121708.5133605,3.41721,10.1615,,,
1541121708.5812867,3.41721,10.1615,,,
1541121708.6793907,3.41721,10.1615,,,
1541121708.7925024,3.4169,10.162,,,
1541121708.904361,3.4169,10.162,,,
1541121708.983418,3.4169,10.162,0,0,0
1541121709.0803647,3.41644,10.162,,,
1541121709.1880786,3.41644,10.163,,,
1541121709.303288,3.41644,10.163,,,
1541121709.3817904,3.41644,10.163,,,
1541121709.4809895,3.41606,10.1646,,,
1541121709.5823615,3.41606,10.1646,,,
1541121709.6902733,3.41606,10.1646,,,
1541121709.7824738,3.4157,10.1659,,,
1541121709.8819077,3.4157,10.1659,,,
1541121709.9816127,3.4157,10.1659,0,0,0
1541121710.1187277,3.41531,10.1659,,,
1541121710.1862357,3.41531,10.1671,,,
1541121710.283291,3.41531,10.1671,,,
1541121710.3822494,3.41531,10.1671,,,
1541121710.4935122,3.41493,10.1679,,,
1541121710.5834916,3.41493,10.1679,,,
1541121710.6823485,3.41493,10.1679,,,
1541121710.7823467,3.41447,10.1689,,,
1541121710.9143236,3.41447,10.1689,,,
1541121711.0047317,3.41447,10.1689,0,0,0
1541121711.084479,3.41409,10.1689,,,
1541121711.1855385,3.41409,10.1707,,,
1541121711.2868507,3.41409,10.1707,,,
1541121711.4004624,3.41409,10.1707,,,
1541121711.4838595,3.41373,10.1715,,,
1541121711.5843391,3.41373,10.1715,,,
1541121711.7058282,3.41373,10.1715,,,
1541121711.7922661,3.41335,10.1728,,,
1541121711.8888755,3.41335,10.1728,,,
1541121711.9852343,3.41335,10.1728,0,0,0
1541121712.0851123,3.41289,10.1728,,,
1541121712.2023513,3.41289,10.1743,,,
1541121712.2850966,3.41289,10.1743,,,
1541121712.3853455,3.41289,10.1743,,,
1541121712.50731,3.41251,10.1756,,,
1541121712.5942397,3.41251,10.1756,,,
1541121712.7033682,3.41251,10.1756,,,
1541121712.786213,3.41214,10.1756,,,
1541121712.8862555,3.41214,10.1766,,,
1541121712.9880414,3.41214,10.1766,0,0,0
1541121713.09573,3.41176,10.1766,,,
1541121713.1868596,3.41176,10.1774,,,
1541121713.3041785,3.41176,10.1774,,,
1541121713.3905854,3.41176,10.1774,,,
1541121713.5085866,3.4113,10.1784,,,
1541121713.5896022,3.4113,10.1784,,,
1541121713.6886206,3.4113,10.1784,,,
1541121713.7884538,3.41092,10.1784,,,
1541121713.8983707,3.41092,10.1799,,,
1541121714.0109708,3.41092,10.1799,0,0,0
1541121714.1054192,3.41054,10.1799,,,
1541121714.1963434,3.41054,10.1815,,,
1541121714.2942092,3.41054,10.1815,,,
1541121714.40647,3.41054,10.1815,,,
1541121714.489694,3.4101,10.1828,,,
1541121714.5896008,3.4101,10.1828,,,
1541121714.6898382,3.4101,10.1828,,,
1541121714.7964783,3.40971,10.1828,,,
1541121714.9021633,3.40971,10.1835,,,
1541121714.998029,3.40971,10.1835,0,0,0
1541121715.089606,3.40971,10.1835,,,
1541121715.210348,3.40933,10.1843,,,
1541121715.2919698,3.40933,10.1843,,,
1541121715.3894904,3.40933,10.1843,,,
1541121715.4897068,3.40895,10.1859,,,
1541121715.5984454,3.40895,10.1859,,,
1541121715.7150333,3.40895,10.1859,,,
1541121715.8055782,3.40851,10.1859,,,
1541121715.8900647,3.40851,10.1871,,,
1541121716.0592313,3.40851,10.1871,,,
1541121716.2327223,3.37657,12.0334,,,
1541121716.38311,3.37657,12.0334,,,
1541121716.5546975,3.34601,13.3667,,,
1541121716.7024343,3.34601,13.3667,,,
1541121716.8497229,3.34351,13.3767,,,
1541121717.015433,3.34351,13.3767,,,
1541121717.1684263,3.34146,13.3847,,,
1541121717.3286989,3.34146,13.3847,,,
1541121717.5006542,3.33972,13.3847,,,
1541121717.584812,3.33972,13.3916,0,0,0
1541121717.6892068,3.33972,13.3916,0,0,0
1541121717.7964368,3.3799,13.3916,,,
1541121717.8813412,3.3799,11.0237,,,
1541121717.9803033,3.3799,11.0237,0,0,0
1541121718.080681,3.3799,11.0237,,,
1541121718.18716,3.39912,10.2148,,,
1541121718.3198047,3.39912,10.2148,,,
1541121718.382915,3.39912,10.2148,,,
1541121718.4812157,3.39972,10.2148,,,
1541121718.5995638,3.39972,10.2138,,,
1541121718.6825368,3.39972,10.2138,,,
1541121718.78116,3.39995,10.2138,,,
1541121718.8815823,3.39995,10.213,,,
1541121718.989529,3.39995,10.213,0,0,0
1541121719.1063898,3.39995,10.213,,,
1541121719.1851668,3.40002,10.2128,,,
1541121719.2835407,3.40002,10.2128,,,
1541121719.3850384,3.40002,10.2128,,,
1541121719.4921994,3.39995,10.2128,,,
1541121719.582532,3.39995,10.213,,,
1541121719.682703,3.39995,10.213,,,
1541121719.7833164,3.39995,10.213,,,
1541121719.9253988,3.3998,10.2135,,,
1541121720.0117776,3.3998,10.2135,0,0,0
1541121720.0891936,3.3998,10.2135,,,
1541121720.185003,3.39964,10.2141,,,
1541121720.2940068,3.39964,10.2141,,,
1541121720.4024405,3.39964,10.2141,,,
1541121720.4856539,3.39943,10.2141,,,
1541121720.586182,3.39943,10.2143,,,
1541121720.7111514,3.39943,10.2143,,,
1541121720.7940714,3.3992,10.2143,,,
1541121720.8906586,3.3992,10.2148,,,
1541121720.9893749,3.3992,10.2148,0,0,0
1541121721.0900977,3.3992,10.2148,,,
1541121721.2087152,3.3989,10.2156,,,
1541121721.312313,3.3989,10.2156,,,
1541121721.3996053,3.3989,10.2156,,,
1541121721.4886715,3.39859,10.2156,,,
1541121721.5985532,3.39859,10.2169,,,
1541121721.6871512,3.39859,10.2169,,,
1541121721.788237,3.39859,10.2169,,,
1541121721.8891795,3.39828,10.2181,,,
1541121721.9944093,3.39828,10.2181,0,0,0
1541121722.1067963,3.39828,10.2181,,,
1541121722.2053256,3.39798,10.2187,,,
1541121722.2964048,3.39798,10.2187,,,
1541121722.395406,3.39798,10.2187,,,
1541121722.5062602,3.39769,10.2187,,,
1541121722.5926676,3.39769,10.2197,,,
1541121722.693893,3.39769,10.2197,,,
1541121722.7931712,3.39769,10.2197,,,
1541121722.8968892,3.39738,10.2207,,,
1541121723.0020728,3.39738,10.2207,0,0,0
1541121723.098349,3.39738,10.2207,,,
1541121723.1895099,3.39708,10.222,,,
1541121723.308137,3.39708,10.222,,,
1541121723.3924034,3.39708,10.222,,,
1541121723.4903731,3.3967,10.222,,,
1541121723.5898755,3.3967,10.223,,,
1541121723.6994061,3.3967,10.223,,,
1541121723.8203478,3.39639,10.223,,,
1541121723.911867,3.39639,10.224,,,
1541121723.9910312,3.39639,10.224,0,0,0
1541121724.0908685,3.39639,10.224,,,
1541121724.1984103,3.39601,10.2248,,,
1541121724.2908757,3.39601,10.2248,,,
1541121724.3908825,3.39601,10.2248,,,
1541121724.4908695,3.39572,10.2248,,,
1541121724.627062,3.39572,10.2253,,,
1541121724.7229054,3.39572,10.2253,,,
1541121724.7965055,3.39572,10.2253,,,
1541121724.8922534,3.39534,10.2266,,,
1541121725.0043702,3.39534,10.2266,0,0,0
1541121725.093405,3.39534,10.2266,,,
1541121725.1922343,3.39503,10.2279,,,
1541121725.2921083,3.39503,10.2279,,,
1541121725.403076,3.39503,10.2279,,,
1541121725.5116177,3.39465,10.2279,,,
1541121725.5942578,3.39465,10.2292,,,
1541121725.6943736,3.39465,10.2292,,,
1541121725.7931406,3.39465,10.2292,,,
1541121725.9035962,3.39427,10.2302,,,
1541121725.9951344,3.39427,10.2302,0,0,0
1541121726.095385,3.39427,10.2302,,,
1541121726.1955032,3.39391,10.2307,,,
1541121726.3153784,3.39391,10.2307,,,
1541121726.4033642,3.39391,10.2307,,,
1541121726.4967625,3.3936,10.2307,,,
1541121726.59487,3.3936,10.2317,,,
1541121726.7084327,3.3936,10.2317,,,
1541121726.7961354,3.3936,10.2317,,,
1541121726.8962584,3.39322,10.233,,,
1541121726.9965284,3.39322,10.233,0,0,0
1541121727.1223657,3.39322,10.233,,,
1541121727.216154,3.39284,10.2348,,,
1541121727.29661,3.39284,10.2348,,,
1541121727.3970077,3.39284,10.2348,,,
1541121727.4992573,3.39246,10.2348,,,
1541121727.6060076,3.39246,10.2353,,,
1541121727.6961184,3.39246,10.2353,,,
1541121727.7977588,3.39246,10.2353,,,
1541121727.9196863,3.39217,10.2366,,,
1541121728.019845,3.39217,10.2366,0,0,0
1541121728.1023898,3.39217,10.2366,,,
1541121728.1986444,3.39178,10.2366,,,
1541121728.2983577,3.39178,10.2379,,,
1541121728.409217,3.39178,10.2379,,,
1541121728.5222354,3.3914,10.2379,,,
1541121728.599116,3.3914,10.2392,,,
1541121728.7215986,3.3914,10.2392,,,
1541121728.8043938,3.3914,10.2392,,,
1541121728.9166057,3.39102,10.2402,,,
1541121728.9993682,3.39102,10.2402,0,0,0
1541121729.0995069,3.39102,10.2402,,,
1541121729.1992464,3.39064,10.2402,,,
1541121729.3081036,3.39064,10.241,,,
1541121729.399235,3.39064,10.241,,,
1541121729.5226047,3.39027,10.241,,,
1541121729.6008327,3.39027,10.2417,,,
1541121729.7039971,3.39027,10.2417,,,
1541121729.7992206,3.39027,10.2417,,,
1541121729.8993766,3.38989,10.243,,,
1541121729.9993632,3.38989,10.243,0,0,0
1541121730.1146078,3.38989,10.243,,,
1541121730.2002454,3.38951,10.243,,,
1541121730.323348,3.38951,10.2443,,,
1541121730.4043784,3.38951,10.2443,,,
1541121730.5091145,3.38913,10.2443,,,
1541121730.6172025,3.38913,10.2456,,,
1541121730.7012517,3.38913,10.2456,,,
1541121730.8010974,3.38913,10.2456,,,
1541121730.9012191,3.38875,10.2469,,,
1541121731.008121,3.38875,10.2469,0,0,0
1541121731.1206014,3.38875,10.2469,,,
1541121731.2089622,3.38838,10.2469,,,
1541121731.3023508,3.38838,10.2474,,,
1541121731.419192,3.38838,10.2474,,,
1541121731.504595,3.38838,10.2474,,,
1541121731.6048458,3.388,10.2489,,,
1541121731.7031085,3.388,10.2489,,,
1541121731.8160994,3.388,10.2489,,,
1541121731.935168,3.38762,10.2507,,,
1541121732.0135782,3.38762,10.2507,0,0,0
1541121732.1039906,3.38762,10.2507,,,
1541121732.2143073,3.38724,10.2507,,,
1541121732.3042157,3.38724,10.2515,,,
1541121732.404221,3.38724,10.2515,,,
1541121732.5046017,3.38724,10.2515,,,
1541121732.6093442,3.38686,10.2525,,,
1541121732.7300658,3.38686,10.2525,,,
1541121732.8161988,3.38686,10.2525,,,
1541121732.9062128,3.38649,10.2538,,,
1541121733.0089488,3.38649,10.2538,0,0,0
1541121733.1230571,3.38649,10.2538,,,
1541121733.2054584,3.38611,10.2538,,,
1541121733.3060772,3.38611,10.2551,,,
1541121733.4054523,3.38611,10.2551,,,
1541121733.521803,3.38611,10.2551,,,
1541121733.619307,3.38573,10.2563,,,
1541121733.7073274,3.38573,10.2563,,,
1541121733.806315,3.38573,10.2563,,,
1541121733.9260702,3.38535,10.2576,,,
1541121734.006315,3.38535,10.2576,0,0,0
1541121734.1081266,3.38535,10.2576,,,
1541121734.2081027,3.38498,10.2576,,,
1541121734.3184335,3.38498,10.2584,,,
1541121734.4238052,3.38498,10.2584,,,
1541121734.5081935,3.38498,10.2584,,,
1541121734.608239,3.3846,10.2592,,,
1541121734.7083647,3.3846,10.2592,,,
1541121734.8135674,3.3846,10.2592,,,
1541121734.9082944,3.38422,10.2604,,,
1541121735.0093412,3.38422,10.2604,0,0,0
1541121735.108958,3.38422,10.2604,,,
1541121735.2368462,3.38376,10.2604,,,
1541121735.3337903,3.38376,10.2617,,,
1541121735.412172,3.38376,10.2617,,,
1541121735.5124185,3.38376,10.2617,,,
1541121735.6160536,3.38338,10.2633,,,
1541121735.7223346,3.38338,10.2633,,,
1541121735.8141758,3.38338,10.2633,,,
1541121735.914059,3.38301,10.2645,,,
1541121736.0336585,3.38301,10.2645,0,0,0
1541121736.1338203,3.38301,10.2645,,,
1541121736.2172067,3.38263,10.2645,,,
1541121736.3151813,3.38263,10.2658,,,
1541121736.4150407,3.38263,10.2658,,,
1541121736.525929,3.38263,10.2658,,,
1541121736.638967,3.38217,10.2671,,,
1541121736.7199233,3.38217,10.2671,,,
1541121736.8414245,3.38217,10.2671,,,
1541121736.9209507,3.38187,10.2684,,,
1541121737.0280697,3.38187,10.2684,0,0,0
1541121737.1209419,3.38187,10.2684,,,
1541121737.2209318,3.38141,10.2684,,,
1541121737.322679,3.38141,10.2689,,,
1541121737.4437761,3.38141,10.2689,,,
1541121737.5267966,3.38141,10.2689,,,
1541121737.64477,3.38104,10.2699,,,
1541121737.7236686,3.38104,10.2699,,,
1541121737.8391857,3.38104,10.2699,,,
1541121737.923166,3.38066,10.2715,,,
1541121738.0221477,3.38066,10.2715,0,0,0
1541121738.1221428,3.38066,10.2715,,,
1541121738.22993,3.38028,10.2715,,,
1541121738.3395696,3.38028,10.2727,,,
1541121738.4468544,3.38028,10.2727,,,
1541121738.5262918,3.38028,10.2727,,,
1541121738.6225297,3.3799,10.274,,,
1541121738.7283099,3.3799,10.274,,,
1541121738.824813,3.3799,10.274,,,
1541121738.9242902,3.37953,10.2748,,,
1541121739.0244126,3.37953,10.2748,0,0,0
1541121739.1394277,3.37953,10.2748,,,
1541121739.256134,3.37915,10.2748,,,
1541121739.3271403,3.37915,10.2756,,,
1541121739.4250364,3.37915,10.2756,,,
1541121739.5290236,3.37915,10.2756,,,
1541121739.643063,3.37877,10.2768,,,
1541121739.726405,3.37877,10.2768,,,
1541121739.8255303,3.37877,10.2768,,,
1541121739.9257698,3.37839,10.2781,,,
1541121740.050061,3.37839,10.2781,0,0,0
1541121740.128916,3.37839,10.2781,,,
1541121740.2262838,3.37793,10.2781,,,
1541121740.326775,3.37793,10.2797,,,
1541121740.4462574,3.37793,10.2797,,,
1541121740.5268931,3.37793,10.2797,,,
1541121740.6271417,3.37756,10.2809,,,
1541121740.7271423,3.37756,10.2809,,,
1541121740.854864,3.37756,10.2809,,,
1541121740.9426649,3.37718,10.2822,,,
1541121741.0275886,3.37718,10.2822,0,0,0
1541121741.1277483,3.37718,10.2822,,,
1541121741.2280312,3.3768,10.2822,,,
1541121741.3341534,3.3768,10.2835,,,
1541121741.4266555,3.3768,10.2835,,,
1541121741.5280232,3.3768,10.2835,,,
1541121741.6440728,3.37634,10.2848,,,
1541121741.7522314,3.37634,10.2848,,,
1541121741.8327663,3.37634,10.2848,,,
1541121741.9285433,3.37596,10.2848,,,
1541121742.0286546,3.37596,10.2861,0,0,0
1541121742.1398978,3.37596,10.2861,,,
1541121742.2288828,3.3756,10.2861,,,
1541121742.3290074,3.3756,10.2866,,,
1541121742.4405823,3.3756,10.2866,,,
1541121742.5389936,3.3756,10.2866,,,
1541121742.6469777,3.37521,10.2879,,,
1541121742.730044,3.37521,10.2879,,,
1541121742.829488,3.37521,10.2879,,,
1541121742.9295278,3.37483,10.2879,,,
1541121743.038524,3.37483,10.2891,0,0,0
1541121743.129515,3.37483,10.2891,,,
1541121743.2332382,3.37483,10.2891,,,
1541121743.3531966,3.37437,10.2904,,,
1541121743.4435043,3.37437,10.2904,,,
1541121743.5308669,3.37437,10.2904,,,
1541121743.6303782,3.37401,10.2917,,,
1541121743.730122,3.37401,10.2917,,,
1541121743.8462253,3.37401,10.2917,,,
1541121743.9298995,3.37363,10.2917,,,
1541121744.030489,3.37363,10.2925,0,0,0
1541121744.1345818,3.37363,10.2925,,,
1541121744.2611017,3.37325,10.2925,,,
1541121744.3483622,3.37325,10.2935,,,
1541121744.4312823,3.37325,10.2935,,,
1541121744.5308738,3.37325,10.2935,,,
1541121744.631003,3.37286,10.2948,,,
1541121744.7388554,3.37286,10.2948,,,
1541121744.8318832,3.37286,10.2948,,,
1541121744.9316323,3.37241,10.2948,,,
1541121745.0321164,3.37241,10.2968,0,0,0
1541121745.17597,3.37241,10.2968,,,
1541121745.266887,3.37204,10.2968,,,
1541121745.338871,3.37204,10.2976,,,
1541121745.432389,3.37204,10.2976,,,
1541121745.5462546,3.37204,10.2976,,,
1541121745.6338804,3.37158,10.2989,,,
1541121745.7327702,3.37158,10.2989,,,
1541121745.8326464,3.37158,10.2989,,,
1541121745.9423602,3.3712,10.2989,,,
1541121746.0569918,3.3712,10.3004,0,0,0
1541121746.135999,3.3712,10.3004,,,
1541121746.2349973,3.3712,10.3004,,,
1541121746.3364906,3.37082,10.3017,,,
1541121746.4428992,3.37082,10.3017,,,
1541121746.5355566,3.37082,10.3017,,,
1541121746.635116,3.37045,10.303,,,
1541121746.7349265,3.37045,10.303,,,
1541121746.8745196,3.37045,10.303,,,
1541121746.9377093,3.37,10.303,0,0,0
1541121747.0358315,3.37,10.3035,,,
1541121747.1368494,3.37,10.3035,,,
1541121747.2461963,3.37,10.3035,,,
1541121747.3359725,3.36961,10.3045,,,
1541121747.4359605,3.36961,10.3045,,,
1541121747.536084,3.36961,10.3045,,,
1541121747.6657982,3.36923,10.3061,,,
1541121747.7584443,3.36923,10.3061,,,
1541121747.8376892,3.36923,10.3061,,,
1541121747.938048,3.36885,10.3061,,,
1541121748.0394576,3.36885,10.3073,0,0,0
1541121748.1471052,3.36885,10.3073,,,
1541121748.237086,3.36885,10.3073,,,
1541121748.3384511,3.36841,10.3086,,,
1541121748.4603362,3.36841,10.3086,,,
1541121748.5592115,3.36841,10.3086,,,
1541121748.6433394,3.36803,10.3099,,,
1541121748.7394755,3.36803,10.3099,,,
1541121748.839845,3.36803,10.3099,,,
1541121748.9488466,3.36765,10.3099,,,
1541121749.0579627,3.36765,10.3107,0,0,0
1541121749.14169,3.36765,10.3107,,,
1541121749.2636392,3.36765,10.3107,,,
1541121749.3448992,3.36726,10.3125,,,
1541121749.449677,3.36726,10.3125,,,
1541121749.5460746,3.36726,10.3125,,,
1541121749.6448834,3.36682,10.314,,,
1541121749.744892,3.36682,10.314,,,
1541121749.862156,3.36682,10.314,,,
1541121749.968698,3.36644,10.314,,,
1541121750.0739157,3.36644,10.3148,0,0,0
1541121750.1491082,3.36644,10.3148,,,
1541121750.2544992,3.36644,10.3148,,,
1541121750.3641176,3.36606,10.3156,,,
1541121750.449062,3.36606,10.3156,,,
1541121750.5494275,3.36606,10.3156,,,
1541121750.6490448,3.36568,10.3171,,,
1541121750.7544162,3.36568,10.3171,,,
1541121750.8695729,3.36568,10.3171,,,
1541121750.972195,3.3653,10.3171,0,0,0
1541121751.051472,3.3653,10.3184,,,
1541121751.1667006,3.3653,10.3184,,,
1541121751.2490926,3.3653,10.3184,,,
1541121751.348088,3.36485,10.3196,,,
1541121751.4464757,3.36485,10.3196,,,
1541121751.556954,3.36485,10.3196,,,
1541121751.6649625,3.36447,10.3212,,,
1541121751.763804,3.36447,10.3212,,,
1541121751.8570569,3.36447,10.3212,,,
1541121751.949747,3.36409,10.3212,,,
1541121752.0534494,3.36409,10.3219,0,0,0
1541121752.1484451,3.36409,10.3219,,,
1541121752.2472038,3.36409,10.3219,,,
1541121752.3485723,3.36371,10.3227,,,
1541121752.4711986,3.36371,10.3227,,,
1541121752.5637941,3.36371,10.3227,,,
1541121752.6578062,3.36325,10.3227,,,
1541121752.749455,3.36325,10.3243,,,
1541121752.860209,3.36325,10.3243,,,
1541121752.9500732,3.36288,10.3243,,,
1541121753.050829,3.36288,10.3255,0,0,0
1541121753.1509452,3.36288,10.3255,,,
1541121753.257306,3.36288,10.3255,,,
1541121753.3747926,3.3625,10.3268,,,
1541121753.4669297,3.3625,10.3268,,,
1541121753.5490582,3.3625,10.3268,,,
1541121753.6499622,3.36212,10.3268,,,
1541121753.7544487,3.36212,10.3281,,,
1541121753.8499377,3.36212,10.3281,,,
1541121753.950437,3.36166,10.3281,,,
1541121754.0500305,3.36166,10.3296,0,0,0
1541121754.1771357,3.36166,10.3296,,,
1541121754.278645,3.36166,10.3296,,,
1541121754.3544326,3.3613,10.3309,,,
1541121754.4504414,3.3613,10.3309,,,
1541121754.559557,3.3613,10.3309,,,
1541121754.6671808,3.36092,10.3309,,,
1541121754.7510693,3.36092,10.3322,,,
1541121754.8524108,3.36092,10.3322,,,
1541121754.950818,3.36092,10.3322,,,
1541121755.0719216,3.36046,10.3332,0,0,0
1541121755.152277,3.36046,10.3332,,,
1541121755.2529175,3.36046,10.3332,,,
1541121755.3519318,3.36008,10.334,,,
1541121755.4767752,3.36008,10.334,,,
1541121755.558904,3.36008,10.334,,,
1541121755.6519096,3.3597,10.334,,,
1541121755.7530372,3.3597,10.3353,,,
1541121755.8898735,3.3597,10.3353,,,
1541121755.9790978,3.35933,10.3353,0,0,0
1541121756.0586708,3.35933,10.3366,,,
1541121756.155119,3.35933,10.3366,,,
1541121756.2579238,3.35933,10.3366,,,
1541121756.3639927,3.35887,10.3378,,,
1541121756.456233,3.35887,10.3378,,,
1541121756.5550592,3.35887,10.3378,,,
1541121756.655089,3.35849,10.3378,,,
1541121756.793621,3.35849,10.3394,,,
1541121756.8591485,3.35849,10.3394,,,
1541121756.9565506,3.35849,10.3394,,,
1541121757.0566425,3.35811,10.3407,0,0,0
1541121757.1673868,3.35811,10.3407,,,
1541121757.278778,3.35811,10.3407,,,
1541121757.3569186,3.35767,10.3414,,,
1541121757.4583066,3.35767,10.3414,,,
1541121757.5800202,3.35767,10.3414,,,
1541121757.6682732,3.35728,10.3414,,,
1541121757.759507,3.35728,10.3425,,,
1541121757.8595316,3.35728,10.3425,,,
1541121757.9590197,3.35728,10.3425,,,
1541121758.0811741,3.3569,10.3445,0,0,0
1541121758.164656,3.3569,10.3445,,,
1541121758.2597692,3.3569,10.3445,,,
1541121758.3846252,3.35645,10.3455,,,
1541121758.472657,3.35645,10.3455,,,
1541121758.5832553,3.35645,10.3455,,,
1541121758.6640172,3.35606,10.3455,,,
1541121758.7666676,3.35606,10.3463,,,
1541121758.8667731,3.35606,10.3463,,,
1541121758.974645,3.3557,10.3463,0,0,0
1541121759.0657737,3.3557,10.3476,,,
1541121759.188649,3.3557,10.3476,,,
1541121759.2672627,3.3557,10.3476,,,
1541121759.386272,3.35532,10.3491,,,
1541121759.468767,3.35532,10.3491,,,
1541121759.569027,3.35532,10.3491,,,
1541121759.6691525,3.35493,10.3491,,,
1541121759.7771537,3.35493,10.3504,,,
1541121759.8866432,3.35493,10.3504,,,
1541121759.9925973,3.35448,10.3504,0,0,0
1541121760.071036,3.35448,10.3517,,,
1541121760.168373,3.35448,10.3517,,,
1541121760.2740214,3.35448,10.3517,,,
1541121760.3685374,3.35411,10.3527,,,
1541121760.46876,3.35411,10.3527,,,
1541121760.56916,3.35411,10.3527,,,
1541121760.6910176,3.35373,10.3535,,,
1541121760.8091922,3.35373,10.3535,,,
1541121760.872261,3.35373,10.3535,,,
1541121760.9701223,3.35373,10.3535,0,0,0
1541121761.0821314,3.35335,10.3548,,,
1541121761.1713624,3.35335,10.3548,,,
1541121761.2710261,3.35335,10.3548,,,
1541121761.3708587,3.35289,10.3563,,,
1541121761.4807754,3.35289,10.3563,,,
1541121761.6003952,3.35289,10.3563,,,
1541121761.6790218,3.35251,10.3563,,,
1541121761.771112,3.35251,10.3576,,,
1541121761.870614,3.35251,10.3576,,,
1541121761.9826458,3.35251,10.3576,0,0,0
1541121762.0719042,3.35214,10.3589,,,
1541121762.1713963,3.35214,10.3589,,,
1541121762.2719066,3.35214,10.3589,,,
1541121762.3881743,3.35168,10.3601,,,
1541121762.5041413,3.35168,10.3601,,,
1541121762.5760095,3.35168,10.3601,,,
1541121762.6731293,3.3513,10.3601,,,
1541121762.7861283,3.3513,10.3617,,,
1541121762.8742108,3.3513,10.3617,,,
1541121762.972872,3.3513,10.3617,0,0,0
1541121763.072879,3.35092,10.363,,,
1541121763.197213,3.35092,10.363,,,
1541121763.288186,3.35092,10.363,,,
1541121763.3747673,3.35054,10.3642,,,
1541121763.47361,3.35054,10.3642,,,
1541121763.5737243,3.35054,10.3642,,,
1541121763.6799648,3.35017,10.3642,,,
1541121763.7749648,3.35017,10.365,,,
1541121763.8750932,3.35017,10.365,,,
1541121763.98146,3.35017,10.365,0,0,0
1541121764.1169546,3.34972,10.366,,,
1541121764.2073317,3.34972,10.366,,,
1541121764.278164,3.34972,10.366,,,
1541121764.3768685,3.34933,10.3673,,,
1541121764.490825,3.34933,10.3673,,,
1541121764.599106,3.34933,10.3673,,,
1541121764.678046,3.34895,10.3673,,,
1541121764.7768662,3.34895,10.3686,,,
1541121764.8892927,3.34895,10.3686,,,
1541121764.9888718,3.34895,10.3686,0,0,0
1541121765.0762153,3.34851,10.3701,,,
1541121765.1768827,3.34851,10.3701,,,
1541121765.278015,3.34851,10.3701,,,
1541121765.3863423,3.34813,10.3701,,,
1541121765.476447,3.34813,10.3714,,,
1541121765.576864,3.34813,10.3714,,,
1541121765.682194,3.34767,10.3714,,,
1541121765.7947109,3.34767,10.3727,,,
1541121765.87736,3.34767,10.3727,,,
1541121765.9769824,3.34767,10.3727,0,0,0
1541121766.0785642,3.34729,10.3735,,,
1541121766.1909564,3.34729,10.3735,,,
1541121766.2773693,3.34729,10.3735,,,
1541121766.378146,3.34691,10.3735,,,
1541121766.478862,3.34691,10.3755,,,
1541121766.603728,3.34691,10.3755,,,
1541121766.6983132,3.34654,10.3755,,,
1541121766.7783105,3.34654,10.3768,,,
1541121766.8785608,3.34654,10.3768,,,
1541121766.9809487,3.34654,10.3768,0,0,0
1541121767.0880764,3.34616,10.3776,,,
1541121767.1798415,3.34616,10.3776,,,
1541121767.2797172,3.34616,10.3776,,,
1541121767.4024549,3.3457,10.3776,,,
1541121767.5009892,3.3457,10.3786,,,
1541121767.5848274,3.3457,10.3786,,,
1541121767.6803424,3.3457,10.3786,,,
1541121767.7799296,3.34532,10.3799,,,
1541121767.8921852,3.34532,10.3799,,,
1541121767.9818618,3.34532,10.3799,0,0,0
1541121768.080836,3.34496,10.3812,,,
1541121768.204519,3.34496,10.3812,,,
1541121768.2871883,3.34496,10.3812,,,
1541121768.397067,3.3445,10.3812,,,
1541121768.4808064,3.3445,10.3827,,,
1541121768.581072,3.3445,10.3827,,,
1541121768.6810725,3.3445,10.3827,,,
1541121768.7898521,3.34412,10.384,,,
1541121768.8829386,3.34412,10.384,,,
1541121769.006041,3.34412,10.384,0,0,0
1541121769.084939,3.34373,10.385,,,
1541121769.1861942,3.34373,10.385,,,
1541121769.2831986,3.34373,10.385,,,
1541121769.3823,3.34335,10.385,,,
1541121769.4823136,3.34335,10.3858,,,
1541121769.5983033,3.34335,10.3858,,,
1541121769.7064397,3.34291,10.3858,,,
1541121769.8094678,3.34291,10.3868,,,
1541121769.8878193,3.34291,10.3868,,,
1541121769.9869566,3.34291,10.3868,0,0,0
1541121770.1008112,3.34253,10.3883,,,
1541121770.1838105,3.34253,10.3883,,,
1541121770.284827,3.34253,10.3883,,,
1541121770.383798,3.34215,10.3883,,,
1541121770.4901814,3.34215,10.3896,,,
1541121770.627165,3.34215,10.3896,,,
1541121770.6880536,3.34215,10.3896,,,
1541121770.7840497,3.34169,10.3909,,,
1541121770.901044,3.34169,10.3909,,,
1541121770.985808,3.34169,10.3909,0,0,0
1541121771.086194,3.34132,10.3924,,,
1541121771.1864457,3.34132,10.3924,,,
1541121771.2913074,3.34132,10.3924,,,
1541121771.4145365,3.34094,10.3924,,,
1541121771.492298,3.34094,10.3937,,,
1541121771.5861936,3.34094,10.3937,,,
1541121771.6920538,3.34094,10.3937,,,
1541121771.8041687,3.34048,10.395,,,
1541121771.8869212,3.34048,10.395,,,
1541121771.9871848,3.34048,10.395,0,0,0
1541121772.0880504,3.3401,10.3965,,,
1541121772.2068954,3.3401,10.3965,,,
1541121772.2991707,3.3401,10.3965,,,
1541121772.388108,3.33972,10.3965,,,
1541121772.4881012,3.33972,10.3976,,,
1541121772.607018,3.33972,10.3976,,,
1541121772.6895397,3.33972,10.3976,,,
1541121772.788413,3.33936,10.3983,,,
1541121772.8885202,3.33936,10.3983,,,
1541121773.0138726,3.33936,10.3983,0,0,0
1541121773.1047537,3.33897,10.3994,,,
1541121773.188778,3.33897,10.3994,,,
1541121773.2889056,3.33897,10.3994,,,
1541121773.3891363,3.33852,10.3994,,,
1541121773.4967844,3.33852,10.4009,,,
1541121773.5896826,3.33852,10.4009,,,
1541121773.6895218,3.33852,10.4009,,,
1541121773.7983441,3.33813,10.4022,,,
1541121773.9335947,3.33813,10.4022,,,
1541121774.0219371,3.33813,10.4022,0,0,0
1541121774.0923226,3.33777,10.4035,,,
1541121774.1886568,3.33777,10.4035,,,
1541121774.302173,3.33777,10.4035,,,
1541121774.389514,3.33731,10.4035,,,
1541121774.4897866,3.33731,10.405,,,
1541121774.590262,3.33731,10.405,,,
1541121774.7017038,3.33731,10.405,,,
1541121774.8069184,3.33693,10.4063,,,
1541121774.8901262,3.33693,10.4063,,,
1541121774.9908888,3.33693,10.4063,0,0,0
1541121775.0905137,3.33655,10.4063,,,
1541121775.195506,3.33655,10.4076,,,
1541121775.2923892,3.33655,10.4076,,,
1541121775.3908703,3.33609,10.4076,,,
1541121775.4910085,3.33609,10.4091,,,
1541121775.6270957,3.33609,10.4091,,,
1541121775.7182794,3.33609,10.4091,,,
1541121775.797131,3.33572,10.4104,,,
1541121775.8963702,3.33572,10.4104,,,
1541121776.003222,3.33572,10.4104,0,0,0
1541121776.114238,3.33534,10.4104,,,
1541121776.196714,3.33534,10.4111,,,
1541121776.2961905,3.33534,10.4111,,,
1541121776.398123,3.33496,10.4111,,,
1541121776.5168934,3.33496,10.4119,,,
1541121776.597247,3.33496,10.4119,,,
1541121776.6980102,3.33496,10.4119,,,
1541121776.7970948,3.33458,10.4132,,,
1541121776.913967,3.33458,10.4132,,,
1541121776.9978402,3.33458,10.4132,0,0,0
1541121777.0963876,3.33414,10.4132,,,
1541121777.1967602,3.33414,10.4147,,,
1541121777.3223934,3.33414,10.4147,,,
1541121777.4169285,3.33376,10.4147,,,
1541121777.4989848,3.33376,10.416,,,
1541121777.5978763,3.33376,10.416,,,
1541121777.698202,3.33376,10.416,,,
1541121777.8066473,3.33337,10.4173,,,
1541121777.898377,3.33337,10.4173,,,
1541121777.9966497,3.33337,10.4173,0,0,0
1541121778.1202455,3.33299,10.4173,,,
1541121778.202353,3.33299,10.4186,,,
1541121778.2986577,3.33299,10.4186,,,
1541121778.3986447,3.33299,10.4186,,,
1541121778.4987583,3.33253,10.4194,,,
1541121778.6137443,3.33253,10.4194,,,
1541121778.6990187,3.33253,10.4194,,,
1541121778.7988806,3.33217,10.4204,,,
1541121778.9217298,3.33217,10.4204,,,
1541121779.0071297,3.33217,10.4204,0,0,0
1541121779.1160023,3.33179,10.4204,,,
1541121779.1987672,3.33179,10.4227,,,
1541121779.2984738,3.33179,10.4227,,,
1541121779.3987625,3.33179,10.4227,,,
1541121779.506629,3.33133,10.424,,,
1541121779.59887,3.33133,10.424,,,
1541121779.7229767,3.33133,10.424,,,
1541121779.8022263,3.33095,10.4247,,,
1541121779.9223723,3.33095,10.4247,,,
1541121780.005756,3.33095,10.4247,0,0,0
1541121780.1033454,3.33057,10.4247,,,
1541121780.2038603,3.33057,10.4258,,,
1541121780.312742,3.33057,10.4258,,,
1541121780.4038446,3.33057,10.4258,,,
1541121780.525557,3.3302,10.427,,,
1541121780.6093907,3.3302,10.427,,,
1541121780.7121267,3.3302,10.427,,,
1541121780.8233938,3.32982,10.4283,,,
1541121780.9054954,3.32982,10.4283,,,
1541121781.0058072,3.32982,10.4283,0,0,0
1541121781.1059716,3.32936,10.4283,,,
1541121781.2122395,3.32936,10.4299,,,
1541121781.325447,3.32936,10.4299,,,
1541121781.408874,3.32936,10.4299,,,
1541121781.5068684,3.32898,10.4311,,,
1541121781.6231403,3.32898,10.4311,,,
1541121781.7296302,3.32898,10.4311,,,
1541121781.808612,3.32861,10.4324,,,
1541121781.907861,3.32861,10.4324,,,
1541121782.0126417,3.32861,10.4324,0,0,0
1541121782.1324804,3.32823,10.4324,,,
1541121782.2157745,3.32823,10.4329,,,
1541121782.306843,3.32823,10.4329,,,
1541121782.4121008,3.32823,10.4329,,,
1541121782.5164905,3.32777,10.4342,,,
1541121782.608812,3.32777,10.4342,,,
1541121782.708925,3.32777,10.4342,,,
1541121782.8088121,3.32739,10.4355,,,
1541121782.927774,3.32739,10.4355,,,
1541121783.041896,3.32739,10.4355,0,0,0
1541121783.1117241,3.32693,10.4355,,,
1541121783.2089705,3.32693,10.4375,,,
1541121783.3247678,3.32693,10.4375,,,
1541121783.433128,3.32657,10.4375,,,
1541121783.510986,3.32657,10.4383,,,
1541121783.6094875,3.32657,10.4383,,,
1541121783.7254307,3.32657,10.4383,,,
1541121783.8195856,3.32619,10.4396,,,
1541121783.90961,3.32619,10.4396,,,
1541121784.009216,3.32619,10.4396,0,0,0
1541121784.1087537,3.32581,10.4396,,,
1541121784.21671,3.32581,10.4409,,,
1541121784.3089628,3.32581,10.4409,,,
1541121784.408971,3.32581,10.4409,,,
1541121784.5140843,3.32535,10.4424,,,
1541121784.654675,3.32535,10.4424,,,
1541121784.74225,3.32535,10.4424,,,
1541121784.8137035,3.32498,10.4437,,,
1541121784.9096055,3.32498,10.4437,,,
1541121785.0229623,3.32498,10.4437,0,0,0
1541121785.109965,3.3246,10.4437,,,
1541121785.2099926,3.3246,10.4447,,,
1541121785.311463,3.3246,10.4447,,,
1541121785.4231842,3.3246,10.4447,,,
1541121785.5266988,3.32414,10.4463,,,
1541121785.6109326,3.32414,10.4463,,,
1541121785.71108,3.32414,10.4463,,,
1541121785.8144577,3.32376,10.447,,,
1541121785.919944,3.32376,10.447,,,
1541121786.0129378,3.32376,10.447,0,0,0
1541121786.1139562,3.32338,10.447,,,
1541121786.2120776,3.32338,10.4478,,,
1541121786.3536692,3.32338,10.4478,,,
1541121786.439086,3.32301,10.4478,,,
1541121786.5193589,3.32301,10.4491,,,
1541121786.6170864,3.32301,10.4491,,,
1541121786.7224538,3.32301,10.4491,,,
1541121786.8345954,3.32263,10.4504,,,
1541121786.91818,3.32263,10.4504,,,
1541121787.0179935,3.32263,10.4504,0,0,0
1541121787.1182992,3.32225,10.4504,,,
1541121787.23647,3.32225,10.4519,,,
1541121787.3181622,3.32225,10.4519,,,
1541121787.418209,3.32225,10.4519,,,
1541121787.5197728,3.32179,10.4532,,,
1541121787.638826,3.32179,10.4532,,,
1541121787.7195864,3.32179,10.4532,,,
1541121787.8191774,3.32143,10.4532,,,
1541121787.918706,3.32143,10.4545,,,
1541121788.0498486,3.32143,10.4545,0,0,0
1541121788.1429467,3.32104,10.4545,,,
1541121788.2207007,3.32104,10.456,,,
1541121788.3228912,3.32104,10.456,,,
1541121788.42451,3.32104,10.456,,,
1541121788.5281034,3.32059,10.4573,,,
1541121788.6259222,3.32059,10.4573,,,
1541121788.7248805,3.32059,10.4573,,,
1541121788.8251097,3.32021,10.4573,,,
1541121788.958904,3.32021,10.4586,,,
1541121789.0474987,3.32021,10.4586,0,0,0
1541121789.1250508,3.31982,10.4586,,,
1541121789.2250726,3.31982,10.4599,,,
1541121789.3296742,3.31982,10.4599,,,
1541121789.4413228,3.31982,10.4599,,,
1541121789.5255477,3.31946,10.4604,,,
1541121789.6281705,3.31946,10.4604,,,
1541121789.750309,3.31946,10.4604,,,
1541121789.8345203,3.31908,10.4614,,,
1541121789.9289289,3.31908,10.4614,,,
1541121790.0285397,3.31908,10.4614,0,0,0
1541121790.1263173,3.31862,10.4614,,,
1541121790.2448087,3.31862,10.4629,,,
1541121790.326427,3.31862,10.4629,,,
1541121790.4249396,3.31862,10.4629,,,
1541121790.5479262,3.31824,10.4642,,,
1541121790.6319137,3.31824,10.4642,,,
1541121790.7434456,3.31824,10.4642,,,
1541121790.8257892,3.31786,10.4642,,,
1541121790.9279392,3.31786,10.4655,,,
1541121791.0269232,3.31786,10.4655,0,0,0
1541121791.1329136,3.31749,10.4655,,,
1541121791.2272944,3.31749,10.4668,,,
1541121791.3505702,3.31749,10.4668,,,
1541121791.4300601,3.31749,10.4668,,,
1541121791.5447996,3.31711,10.4683,,,
1541121791.650548,3.31711,10.4683,,,
1541121791.7293127,3.31711,10.4683,,,
1541121791.828163,3.31665,10.4683,,,
1541121791.933798,3.31665,10.4696,,,
1541121792.045421,3.31665,10.4696,0,0,0
1541121792.1475751,3.31627,10.4696,,,
1541121792.2316444,3.31627,10.4709,,,
1541121792.3286893,3.31627,10.4709,,,
1541121792.436538,3.31627,10.4709,,,
1541121792.5290408,3.3159,10.4722,,,
1541121792.6316602,3.3159,10.4722,,,
1541121792.7309933,3.3159,10.4722,,,
1541121792.8318286,3.31552,10.4722,,,
1541121792.944373,3.31552,10.4737,,,
1541121793.0366733,3.31552,10.4737,0,0,0
1541121793.1298923,3.31552,10.4737,,,
1541121793.2431545,3.31506,10.475,,,
1541121793.3296893,3.31506,10.475,,,
1541121793.4298985,3.31506,10.475,,,
1541121793.5300305,3.31468,10.4757,,,
1541121793.639917,3.31468,10.4757,,,
1541121793.7558668,3.31468,10.4757,,,
1541121793.8431585,3.3143,10.4757,,,
1541121793.9306352,3.3143,10.4768,,,
1541121794.0314057,3.3143,10.4768,0,0,0
1541121794.1367722,3.3143,10.4768,,,
1541121794.2308733,3.31393,10.4778,,,
1541121794.3312614,3.31393,10.4778,,,
1541121794.4314094,3.31393,10.4778,,,
1541121794.5688822,3.31348,10.4793,,,
1541121794.6632774,3.31348,10.4793,,,
1541121794.735643,3.31348,10.4793,,,
1541121794.8312845,3.3131,10.4793,,,
1541121794.9440162,3.3131,10.4806,,,
1541121795.0325172,3.3131,10.4806,0,0,0
1541121795.132535,3.3131,10.4806,,,
1541121795.2321458,3.31271,10.4819,,,
1541121795.3437374,3.31271,10.4819,,,
1541121795.4481382,3.31271,10.4819,,,
1541121795.5336378,3.31235,10.4834,,,
1541121795.632403,3.31235,10.4834,,,
1541121795.7322838,3.31235,10.4834,,,
1541121795.8427672,3.31189,10.4834,,,
1541121795.9336317,3.31189,10.4847,,,
1541121796.032757,3.31189,10.4847,0,0,0
1541121796.1326127,3.31189,10.4847,,,
1541121796.2733178,3.31151,10.486,,,
1541121796.3663814,3.31151,10.486,,,
1541121796.4366367,3.31151,10.486,,,
1541121796.5347483,3.31113,10.4875,,,
1541121796.6483595,3.31113,10.4875,,,
1541121796.7353692,3.31113,10.4875,,,
1541121796.8349998,3.31067,10.4875,,,
1541121796.9354978,3.31067,10.4888,,,
1541121797.0453799,3.31067,10.4888,0,0,0
1541121797.158047,3.31067,10.4888,,,
1541121797.2357485,3.3103,10.4898,,,
1541121797.3357365,3.3103,10.4898,,,
1541121797.4360006,3.3103,10.4898,,,
1541121797.5425005,3.30992,10.4906,,,
1541121797.6364968,3.30992,10.4906,,,
1541121797.73525,3.30992,10.4906,,,
1541121797.8368726,3.30954,10.4906,,,
1541121797.9746425,3.30954,10.4916,,,
1541121798.0426364,3.30954,10.4916,0,0,0
1541121798.1371107,3.30954,10.4916,,,
1541121798.2363796,3.30908,10.4932,,,
1541121798.34985,3.30908,10.4932,,,
1541121798.461656,3.30908,10.4932,,,
1541121798.5392444,3.30872,10.4932,,,
1541121798.6379838,3.30872,10.4944,,,
1541121798.7631824,3.30872,10.4944,,,
1541121798.8561049,3.30833,10.4944,,,
1541121798.938155,3.30833,10.4957,,,
1541121799.0386157,3.30833,10.4957,0,0,0
1541121799.1385183,3.30833,10.4957,,,
1541121799.2459626,3.30795,10.497,,,
1541121799.3386223,3.30795,10.497,,,
1541121799.4386115,3.30795,10.497,,,
1541121799.5615406,3.30757,10.497,,,
1541121799.659484,3.30757,10.4986,,,
1541121799.741775,3.30757,10.4986,,,
1541121799.8394887,3.30719,10.4986,,,
1541121799.939493,3.30719,10.4998,,,
1541121800.0493784,3.30719,10.4998,0,0,0
1541121800.163376,3.30719,10.4998,,,
1541121800.2409983,3.30675,10.5011,,,
1541121800.3626745,3.30675,10.5011,,,
1541121800.443651,3.30675,10.5011,,,
1541121800.557342,3.30637,10.5011,,,
1541121800.6400049,3.30637,10.5024,,,
1541121800.7398539,3.30637,10.5024,,,
1541121800.8399837,3.30637,10.5024,,,
1541121800.9480097,3.30598,10.5039,,,
1541121801.0416224,3.30598,10.5039,0,0,0
1541121801.1610363,3.30598,10.5039,,,
1541121801.2454762,3.3056,10.5052,,,
1541121801.3654828,3.3056,10.5052,,,
1541121801.446366,3.3056,10.5052,,,
1541121801.54086,3.30522,10.5052,,,
1541121801.6410756,3.30522,10.5062,,,
1541121801.756463,3.30522,10.5062,,,
1541121801.8415937,3.30522,10.5062,,,
1541121801.95718,3.30478,10.5068,,,
1541121802.048615,3.30478,10.5068,0,0,0
1541121802.154335,3.30478,10.5068,,,
1541121802.2429621,3.3044,10.508,,,
1541121802.3422077,3.3044,10.508,,,
1541121802.4423344,3.3044,10.508,,,
1541121802.5494723,3.30402,10.508,,,
1541121802.6598556,3.30402,10.5096,,,
1541121802.7573018,3.30402,10.5096,,,
1541121802.869931,3.30363,10.5096,,,
1541121802.9537237,3.30363,10.5109,0,0,0
1541121803.062077,3.30363,10.5109,,,
1541121803.1458282,3.30363,10.5109,,,
1541121803.2446034,3.30319,10.5121,,,
1541121803.343569,3.30319,10.5121,,,
1541121803.4534602,3.30319,10.5121,,,
1541121803.5446908,3.30281,10.5121,,,
1541121803.6515522,3.30281,10.5137,,,
1541121803.7556043,3.30281,10.5137,,,
1541121803.8480816,3.30281,10.5137,,,
1541121803.9464471,3.30243,10.5147,,,
1541121804.0466037,3.30243,10.5147,0,0,0
1541121804.1466117,3.30243,10.5147,,,
1541121804.2594712,3.30205,10.5162,,,
1541121804.3700652,3.30205,10.5162,,,
1541121804.4511545,3.30205,10.5162,,,
1541121804.5580597,3.30159,10.5162,,,
1541121804.6544483,3.30159,10.5175,,,
1541121804.763078,3.30159,10.5175,,,
1541121804.846054,3.30159,10.5175,,,
1541121804.9466798,3.30122,10.5188,,,
1541121805.0462263,3.30122,10.5188,0,0,0
1541121805.1533246,3.30122,10.5188,,,
1541121805.2498007,3.30084,10.5203,,,
1541121805.3638344,3.30084,10.5203,,,
1541121805.4476955,3.30084,10.5203,,,
1541121805.5686963,3.30046,10.5203,,,
1541121805.652083,3.30046,10.5214,,,
1541121805.7483218,3.30046,10.5214,,,
1541121805.8469627,3.30046,10.5214,,,
1541121805.9594536,3.3,10.5221,,,
1541121806.0483155,3.3,10.5221,0,0,0
1541121806.16619,3.3,10.5221,,,
1541121806.2485461,3.29964,10.5232,,,
1541121806.3595479,3.29964,10.5232,,,
1541121806.4487944,3.29964,10.5232,,,
1541121806.5494614,3.29926,10.5232,,,
1541121806.649464,3.29926,10.5244,,,
1541121806.759427,3.29926,10.5244,,,
1541121806.8769765,3.29887,10.5244,,,
1541121806.9733493,3.29887,10.526,0,0,0
1541121807.051592,3.29887,10.526,,,
1541121807.1564465,3.29887,10.526,,,
1541121807.266056,3.29842,10.5273,,,
1541121807.3490686,3.29842,10.5273,,,
1541121807.4490347,3.29842,10.5273,,,
1541121807.5491984,3.29803,10.5273,,,
1541121807.6580837,3.29803,10.5285,,,
1541121807.7728922,3.29803,10.5285,,,
1541121807.8509145,3.29803,10.5285,,,
1541121807.9513335,3.29767,10.5298,,,
1541121808.0691943,3.29767,10.5298,0,0,0
1541121808.152918,3.29767,10.5298,,,
1541121808.2507825,3.29729,10.5298,,,
1541121808.3510408,3.29729,10.5314,,,
1541121808.4594245,3.29729,10.5314,,,
1541121808.5745616,3.29691,10.5314,,,
1541121808.6524284,3.29691,10.5326,,,
1541121808.7510366,3.29691,10.5326,,,
1541121808.8513305,3.29691,10.5326,,,
1541121808.9584231,3.29645,10.5339,,,
1541121809.0523095,3.29645,10.5339,0,0,0
1541121809.1515372,3.29645,10.5339,,,
1541121809.2516594,3.29607,10.5339,,,
1541121809.3942518,3.29607,10.5352,,,
1541121809.4568152,3.29607,10.5352,,,
1541121809.5535362,3.29607,10.5352,,,
1541121809.652436,3.2957,10.5365,,,
1541121809.7660387,3.2957,10.5365,,,
1541121809.8537936,3.2957,10.5365,,,
1541121809.9535372,3.29532,10.5378,,,
1541121810.0540354,3.29532,10.5378,0,0,0
1541121810.1804228,3.29532,10.5378,,,
1541121810.266177,3.29486,10.5378,,,
1541121810.3545675,3.29486,10.5385,,,
1541121810.4549181,3.29486,10.5385,,,
1541121810.554044,3.29486,10.5385,,,
1541121810.6637757,3.29448,10.5396,,,
1541121810.755546,3.29448,10.5396,,,
1541121810.8542933,3.29448,10.5396,,,
1541121810.9731154,3.29411,10.5408,,,
1541121811.0592816,3.29411,10.5408,0,0,0
1541121811.1559296,3.29411,10.5408,,,
1541121811.2558026,3.29373,10.5408,,,
1541121811.356177,3.29373,10.5424,,,
1541121811.4702685,3.29373,10.5424,,,
1541121811.5791636,3.29327,10.5424,,,
1541121811.658029,3.29327,10.5437,,,
1541121811.7730255,3.29327,10.5437,,,
1541121811.8650582,3.29327,10.5437,,,
1541121811.9660277,3.29289,10.545,,,
1541121812.0564039,3.29289,10.545,0,0,0
1541121812.1583338,3.29289,10.545,,,
1541121812.258343,3.29251,10.545,,,
1541121812.3799245,3.29251,10.5462,,,
1541121812.4628012,3.29251,10.5462,,,
1541121812.5703912,3.29251,10.5462,,,
1541121812.6666517,3.29214,10.5478,,,
1541121812.7696717,3.29214,10.5478,,,
1541121812.858632,3.29214,10.5478,,,
1541121812.9596622,3.29169,10.549,,,
1541121813.0608916,3.29169,10.549,0,0,0
1541121813.1666367,3.29169,10.549,,,
1541121813.2761238,3.29131,10.549,,,
1541121813.363959,3.29131,10.5503,,,
1541121813.4714885,3.29131,10.5503,,,
1541121813.5597582,3.29131,10.5503,,,
1541121813.6671417,3.29092,10.5516,,,
1541121813.760014,3.29092,10.5516,,,
1541121813.8596935,3.29092,10.5516,,,
1541121813.9600012,3.29056,10.5531,,,
1541121814.0633898,3.29056,10.5531,0,0,0
1541121814.1634696,3.29056,10.5531,,,
1541121814.276727,3.2901,10.5531,,,
1541121814.358979,3.2901,10.5542,,,
1541121814.476605,3.2901,10.5542,,,
1541121814.5592387,3.2901,10.5542,,,
1541121814.65925,3.28972,10.5549,,,
1541121814.7602408,3.28972,10.5549,,,
1541121814.8702295,3.28972,10.5549,,,
1541121814.9909568,3.28934,10.556,0,0,0
1541121815.0835066,3.28934,10.556,,,
1541121815.1615264,3.28934,10.556,,,
1541121815.265501,3.28896,10.556,,,
1541121815.3771038,3.28896,10.5575,,,
1541121815.4607496,3.28896,10.5575,,,
1541121815.560732,3.28896,10.5575,,,
1541121815.6609805,3.28859,10.5588,,,
1541121815.7689893,3.28859,10.5588,,,
1541121815.9047194,3.28859,10.5588,,,
1541121816.094593,3.28821,10.5601,,,
1541121816.240882,3.28821,10.5601,,,
1541121816.3926177,3.22852,13.834,,,
1541121816.548234,3.22852,13.834,,,
1541121816.6991336,3.22118,13.885,,,
1541121816.8690553,3.22118,13.885,,,
1541121817.016376,3.21852,13.896,,,
1541121817.1635015,3.21852,13.896,,,
1541121817.3092225,3.21632,13.9055,,,
1541121817.4728246,3.21632,13.9055,,,
1541121817.541106,3.21632,13.9055,0,0,0
1541121817.6533267,3.23048,12.8877,0,0,0
1541121817.7740688,3.23048,12.8877,,,
1541121817.867993,3.23048,12.8877,,,
1541121817.9447427,3.27724,12.8877,0,0,0
1541121818.0417457,3.27724,10.5954,,,
1541121818.152867,3.27724,10.5954,,,
1541121818.2582324,3.27724,10.5954,,,
1541121818.34073,3.27837,10.5916,,,
1541121818.44148,3.27837,10.5916,,,
1541121818.5485888,3.27837,10.5916,,,
1541121818.6536057,3.2789,10.5903,,,
1541121818.7414627,3.2789,10.5903,,,
1541121818.8417702,3.2789,10.5903,,,
1541121818.9413881,3.27913,10.5903,,,
1541121819.0653837,3.27913,10.5896,0,0,0
1541121819.1438823,3.27913,10.5896,,,
1541121819.241773,3.27913,10.5896,,,
1541121819.3464348,3.27921,10.5893,,,
1541121819.4758308,3.27921,10.5893,,,
1541121819.5620024,3.27921,10.5893,,,
1541121819.643876,3.27921,10.5896,,,
1541121819.7428885,3.27921,10.5896,,,
1541121819.846872,3.27921,10.5896,,,
1541121819.954372,3.27913,10.5896,,,
1541121820.0448701,3.27913,10.5898,0,0,0
1541121820.1448786,3.27913,10.5898,,,
1541121820.2450764,3.27913,10.5898,,,
1541121820.3843126,3.27898,10.5901,,,
1541121820.476741,3.27898,10.5901,,,
1541121820.5505514,3.27898,10.5901,,,
1541121820.6481845,3.27882,10.5901,,,
1541121820.7618947,3.27882,10.5906,,,
1541121820.8692605,3.27882,10.5906,,,
1541121820.9485636,3.27859,10.5906,0,0,0
1541121821.0468972,3.27859,10.5913,,,
1541121821.1510634,3.27859,10.5913,,,
1541121821.2705534,3.27859,10.5913,,,
1541121821.3492281,3.27837,10.5916,,,
1541121821.4481754,3.27837,10.5916,,,
1541121821.5481455,3.27837,10.5916,,,
1541121821.6495707,3.27814,10.5916,,,
1541121821.7481554,3.27814,10.5921,,,
1541121821.8485086,3.27814,10.5921,,,
1541121821.9481618,3.27785,10.5921,,,
1541121822.082252,3.27785,10.5934,0,0,0
1541121822.1719007,3.27785,10.5934,,,
1541121822.250516,3.27785,10.5934,,,
1541121822.3486867,3.27754,10.5949,,,
1541121822.4565566,3.27754,10.5949,,,
1541121822.5652688,3.27754,10.5949,,,
1541121822.6491647,3.27731,10.5949,,,
1541121822.7495458,3.27731,10.5959,,,
1541121822.8756359,3.27731,10.5959,,,
1541121822.9548814,3.27701,10.5959,0,0,0
1541121823.0492978,3.27701,10.5967,,,
1541121823.1516373,3.27701,10.5967,,,
1541121823.253932,3.27701,10.5967,,,
1541121823.3716736,3.2767,10.5975,,,
1541121823.453988,3.2767,10.5975,,,
1541121823.5500443,3.2767,10.5975,,,
1541121823.676324,3.2764,10.5975,,,
1541121823.7620494,3.2764,10.598,,,
1541121823.8505585,3.2764,10.598,,,
1541121823.9501917,3.2764,10.598,,,
1541121824.0510998,3.27609,10.599,0,0,0
1541121824.1558316,3.27609,10.599,,,
1541121824.2671745,3.27609,10.599,,,
1541121824.35402,3.27573,10.6001,,,
1541121824.4860656,3.27573,10.6001,,,
1541121824.5530715,3.27573,10.6001,,,
1541121824.6597993,3.27542,10.6001,,,
1541121824.7519522,3.27542,10.6011,,,
1541121824.8520846,3.27542,10.6011,,,
1541121824.952591,3.27542,10.6011,,,
1541121825.0549297,3.27504,10.6024,0,0,0
1541121825.1526387,3.27504,10.6024,,,
1541121825.2733026,3.27504,10.6024,,,
1541121825.35819,3.27473,10.6036,,,
1541121825.4681656,3.27473,10.6036,,,
1541121825.5754879,3.27473,10.6036,,,
1541121825.6549351,3.27435,10.6036,,,
1541121825.7531488,3.27435,10.6047,,,
1541121825.8557348,3.27435,10.6047,,,
1541121825.9699004,3.27406,10.6047,,,
1541121826.0709248,3.27406,10.6057,0,0,0
1541121826.1612005,3.27406,10.6057,,,
1541121826.2540772,3.27406,10.6057,,,
1541121826.359623,3.27368,10.607,,,
1541121826.454656,3.27368,10.607,,,
1541121826.5550628,3.27368,10.607,,,
1541121826.6549451,3.27338,10.607,,,
1541121826.7764676,3.27338,10.6083,,,
1541121826.8952253,3.27338,10.6083,,,
1541121826.9671109,3.27338,10.6083,0,0,0
1541121827.0550475,3.27299,10.6093,,,
1541121827.167763,3.27299,10.6093,,,
1541121827.2569146,3.27299,10.6093,,,
1541121827.3556738,3.27261,10.6106,,,
1541121827.4561555,3.27261,10.6106,,,
1541121827.5615082,3.27261,10.6106,,,
1541121827.6822863,3.27232,10.6106,,,
1541121827.7690868,3.27232,10.6118,,,
1541121827.856866,3.27232,10.6118,,,
1541121827.9631221,3.27232,10.6118,,,
1541121828.073455,3.27194,10.6131,0,0,0
1541121828.1577349,3.27194,10.6131,,,
1541121828.2561607,3.27194,10.6131,,,
1541121828.3584518,3.27156,10.6142,,,
1541121828.4767766,3.27156,10.6142,,,
1541121828.5936837,3.27156,10.6142,,,
1541121828.6580527,3.27118,10.6142,,,
1541121828.7584245,3.27118,10.6154,,,
1541121828.8767817,3.27118,10.6154,,,
1541121828.9583023,3.27118,10.6154,0,0,0
1541121829.0567853,3.27087,10.6167,,,
1541121829.1572847,3.27087,10.6167,,,
1541121829.2715073,3.27087,10.6167,,,
1541121829.3757696,3.27051,10.6172,,,
1541121829.4578466,3.27051,10.6172,,,
1541121829.5591834,3.27051,10.6172,,,
1541121829.6580431,3.27013,10.6172,,,
1541121829.765281,3.27013,10.618,,,
1541121829.8590164,3.27013,10.618,,,
1541121829.9594357,3.27013,10.618,,,
1541121830.0594232,3.26974,10.6193,0,0,0
1541121830.2018657,3.26974,10.6193,,,
1541121830.2876356,3.26974,10.6193,,,
1541121830.3631475,3.26944,10.6193,,,
1541121830.4584308,3.26944,10.6206,,,
1541121830.5696497,3.26944,10.6206,,,
1541121830.6586666,3.26906,10.6206,,,
1541121830.758544,3.26906,10.6218,,,
1541121830.8594148,3.26906,10.6218,,,
1541121830.9664063,3.26906,10.6218,,,
1541121831.0806663,3.26869,10.6229,0,0,0
1541121831.159031,3.26869,10.6229,,,
1541121831.2592788,3.26869,10.6229,,,
1541121831.359281,3.26831,10.6229,,,
1541121831.4647884,3.26831,10.6244,,,
1541121831.5595376,3.26831,10.6244,,,
1541121831.6594045,3.26831,10.6244,,,
1541121831.7605364,3.26793,10.6254,,,
1541121831.8961291,3.26793,10.6254,,,
1541121831.9637792,3.26793,10.6254,0,0,0
1541121832.0604975,3.26755,10.6267,,,
1541121832.1612554,3.26755,10.6267,,,
1541121832.2705188,3.26755,10.6267,,,
1541121832.36238,3.26717,10.6267,,,
1541121832.462382,3.26717,10.628,,,
1541121832.5611138,3.26717,10.628,,,
1541121832.6908736,3.2668,10.628,,,
1541121832.7828636,3.2668,10.6293,,,
1541121832.862374,3.2668,10.6293,,,
1541121832.9623964,3.2668,10.6293,,,
1541121833.0665255,3.26642,10.6306,0,0,0
1541121833.1793962,3.26642,10.6306,,,
1541121833.2631593,3.26642,10.6306,,,
1541121833.3642507,3.26604,10.6306,,,
1541121833.4942362,3.26604,10.6318,,,
1541121833.5702636,3.26604,10.6318,,,
1541121833.6634898,3.26604,10.6318,,,
1541121833.763393,3.26566,10.6331,,,
1541121833.8636456,3.26566,10.6331,,,
1541121833.9864025,3.26566,10.6331,,,
1541121834.0682132,3.26527,10.6344,0,0,0
1541121834.164504,3.26527,10.6344,,,
1541121834.295877,3.26527,10.6344,,,
1541121834.3777611,3.26491,10.6344,,,
1541121834.464878,3.26491,10.6357,,,
1541121834.5664692,3.26491,10.6357,,,
1541121834.665248,3.26491,10.6357,,,
1541121834.7714088,3.26453,10.637,,,
1541121834.8855145,3.26453,10.637,,,
1541121834.965992,3.26453,10.637,0,0,0
1541121835.084859,3.26414,10.6382,,,
1541121835.1714754,3.26414,10.6382,,,
1541121835.2753038,3.26414,10.6382,,,
1541121835.3704152,3.26376,10.6382,,,
1541121835.4697974,3.26376,10.6388,,,
1541121835.5697567,3.26376,10.6388,,,
1541121835.6871026,3.26346,10.6388,,,
1541121835.7938206,3.26346,10.64,,,
1541121835.8937216,3.26346,10.64,,,
1541121835.9784412,3.26346,10.64,0,0,0
1541121836.0828016,3.26302,10.6421,,,
1541121836.1716318,3.26302,10.6421,,,
1541121836.2717726,3.26302,10.6421,,,
1541121836.3725893,3.26263,10.6421,,,
1541121836.4772992,3.26263,10.6434,,,
1541121836.5885577,3.26263,10.6434,,,
1541121836.6895447,3.26263,10.6434,,,
1541121836.7805526,3.26225,10.6449,,,
1541121836.8777957,3.26225,10.6449,,,
1541121836.9893386,3.26225,10.6449,0,0,0
1541121837.0728292,3.26187,10.6457,,,
1541121837.1743872,3.26187,10.6457,,,
1541121837.2730777,3.26187,10.6457,,,
1541121837.3806696,3.26151,10.6457,,,
1541121837.486417,3.26151,10.6465,,,
1541121837.5800025,3.26151,10.6465,,,
1541121837.6732695,3.26151,10.6465,,,
1541121837.792501,3.26112,10.6475,,,
1541121837.8762054,3.26112,10.6475,,,
1541121837.9735198,3.26112,10.6475,0,0,0
1541121838.073581,3.26074,10.649,,,
1541121838.1824996,3.26074,10.649,,,
1541121838.2997131,3.26074,10.649,,,
1541121838.3878672,3.26036,10.649,,,
1541121838.4739215,3.26036,10.6503,,,
1541121838.5752196,3.26036,10.6503,,,
1541121838.6819406,3.26036,10.6503,,,
1541121838.774455,3.25998,10.6516,,,
1541121838.8730938,3.25998,10.6516,,,
1541121838.9747307,3.25998,10.6516,0,0,0
1541121839.1135454,3.25961,10.6529,,,
1541121839.2067242,3.25961,10.6529,,,
1541121839.2777376,3.25961,10.6529,,,
1541121839.3767538,3.25923,10.6529,,,
1541121839.4881468,3.25923,10.6541,,,
1541121839.5753803,3.25923,10.6541,,,
1541121839.6767116,3.25923,10.6541,,,
1541121839.776465,3.25885,10.6554,,,
1541121839.8850317,3.25885,10.6554,,,
1541121839.9929867,3.25885,10.6554,0,0,0
1541121840.076107,3.25847,10.6567,,,
1541121840.1764636,3.25847,10.6567,,,
1541121840.2779741,3.25847,10.6567,,,
1541121840.3839543,3.25809,10.6567,,,
1541121840.475972,3.25809,10.658,,,
1541121840.5769627,3.25809,10.658,,,
1541121840.6773357,3.25809,10.658,,,
1541121840.8185718,3.25764,10.6593,,,
1541121840.908072,3.25764,10.6593,,,
1541121840.9793484,3.25764,10.6593,0,0,0
1541121841.0764527,3.25726,10.6593,,,
1541121841.1916177,3.25726,10.6606,,,
1541121841.3014426,3.25726,10.6606,,,
1541121841.379317,3.25688,10.6606,,,
1541121841.478066,3.25688,10.6618,,,
1541121841.5811868,3.25688,10.6618,,,
1541121841.6964397,3.25688,10.6618,,,
1541121841.7773256,3.2565,10.6631,,,
1541121841.8773391,3.2565,10.6631,,,
1541121841.978484,3.2565,10.6631,0,0,0
1541121842.0862014,3.25612,10.6631,,,
1541121842.1788247,3.25612,10.6646,,,
1541121842.2773328,3.25612,10.6646,,,
1541121842.3780606,3.25612,10.6646,,,
1541121842.5219123,3.25575,10.6659,,,
1541121842.61507,3.25575,10.6659,,,
1541121842.687003,3.25575,10.6659,,,
1541121842.7805269,3.25537,10.6672,,,
1541121842.8934731,3.25537,10.6672,,,
1541121842.980518,3.25537,10.6672,0,0,0
1541121843.0812676,3.25491,10.6672,,,
1541121843.1810312,3.25491,10.6682,,,
1541121843.2890134,3.25491,10.6682,,,
1541121843.4063718,3.25453,10.6682,,,
1541121843.4857843,3.25453,10.6687,,,
1541121843.5815418,3.25453,10.6687,,,
1541121843.6820166,3.25453,10.6687,,,
1541121843.787234,3.25417,10.67,,,
1541121843.8836758,3.25417,10.67,,,
1541121843.9818342,3.25417,10.67,0,0,0
1541121844.081852,3.25378,10.67,,,
1541121844.2200193,3.25378,10.6716,,,
1541121844.3050246,3.25378,10.6716,,,
1541121844.3836715,3.25378,10.6716,,,
1541121844.482698,3.2534,10.6736,,,
1541121844.5878234,3.2534,10.6736,,,
1541121844.6986477,3.2534,10.6736,,,
1541121844.7830873,3.25294,10.6752,,,
1541121844.88308,3.25294,10.6752,,,
1541121845.007637,3.25294,10.6752,0,0,0
1541121845.0912535,3.25256,10.6752,,,
1541121845.184635,3.25256,10.6764,,,
1541121845.2836382,3.25256,10.6764,,,
1541121845.3840804,3.25256,10.6764,,,
1541121845.486462,3.2522,10.677,,,
1541121845.5844746,3.2522,10.677,,,
1541121845.6842282,3.2522,10.677,,,
1541121845.8080509,3.25182,10.678,,,
1541121845.8984482,3.25182,10.678,,,
1541121845.9855793,3.25182,10.678,0,0,0
1541121846.0855572,3.25143,10.678,,,
1541121846.1859422,3.25143,10.6795,,,
1541121846.292418,3.25143,10.6795,,,
1541121846.4034257,3.25105,10.6795,,,
1541121846.4863086,3.25105,10.6808,,,
1541121846.6018279,3.25105,10.6808,,,
1541121846.6957796,3.25105,10.6808,,,
1541121846.79071,3.25067,10.6821,,,
1541121846.8878057,3.25067,10.6821,,,
1541121846.9871902,3.25067,10.6821,0,0,0
1541121847.0879421,3.25023,10.6821,,,
1541121847.2019703,3.25023,10.6834,,,
1541121847.3093135,3.25023,10.6834,,,
1541121847.401029,3.25023,10.6834,,,
1541121847.4961607,3.24992,10.6846,,,
1541121847.5981781,3.24992,10.6846,,,
1541121847.7122753,3.24992,10.6846,,,
1541121847.7893054,3.24947,10.6859,,,
1541121847.8885307,3.24947,10.6859,,,
1541121847.9920588,3.24947,10.6859,0,0,0
1541121848.1061664,3.24908,10.6859,,,
1541121848.1929948,3.24908,10.6875,,,
1541121848.303179,3.24908,10.6875,,,
1541121848.3896444,3.24908,10.6875,,,
1541121848.496304,3.24872,10.6887,,,
1541121848.5892932,3.24872,10.6887,,,
1541121848.6913166,3.24872,10.6887,,,
1541121848.791643,3.24826,10.69,,,
1541121848.913344,3.24826,10.69,,,
1541121849.0010612,3.24826,10.69,0,0,0
1541121849.1107144,3.24788,10.69,,,
1541121849.1940024,3.24788,10.6913,,,
1541121849.3038216,3.24788,10.6913,,,
1541121849.4113584,3.24788,10.6913,,,
1541121849.4945753,3.2475,10.6926,,,
1541121849.5950985,3.2475,10.6926,,,
1541121849.6945884,3.2475,10.6926,,,
1541121849.8014169,3.24712,10.6941,,,
1541121849.898903,3.24712,10.6941,,,
1541121849.995936,3.24712,10.6941,0,0,0
1541121850.0953193,3.24675,10.6941,,,
1541121850.2144616,3.24675,10.6954,,,
1541121850.296826,3.24675,10.6954,,,
1541121850.3979223,3.24675,10.6954,,,
1541121850.4955716,3.24629,10.6967,,,
1541121850.6033075,3.24629,10.6967,,,
1541121850.7121072,3.24629,10.6967,,,
1541121850.797592,3.24591,10.6982,,,
1541121850.8960733,3.24591,10.6982,,,
1541121850.997583,3.24591,10.6982,0,0,0
1541121851.10573,3.24553,10.6982,,,
1541121851.197021,3.24553,10.6995,,,
1541121851.3207707,3.24553,10.6995,,,
1541121851.4050946,3.24553,10.6995,,,
1541121851.5189047,3.24516,10.7003,,,
1541121851.624468,3.24516,10.7003,,,
1541121851.7046204,3.24516,10.7003,,,
1541121851.8045833,3.24478,10.701,,,
1541121851.9089024,3.24478,10.701,,,
1541121852.0233562,3.24478,10.701,0,0,0
1541121852.105329,3.24432,10.701,,,
1541121852.2054243,3.24432,10.7026,,,
1541121852.3051023,3.24432,10.7026,,,
1541121852.4123743,3.24432,10.7026,,,
1541121852.5062108,3.24394,10.7046,,,
1541121852.6058428,3.24394,10.7046,,,
1541121852.7061775,3.24394,10.7046,,,
1541121852.845325,3.24356,10.7062,,,
1541121852.9098136,3.24356,10.7062,,,
1541121853.0070672,3.24356,10.7062,0,0,0
1541121853.1071835,3.24312,10.7062,,,
1541121853.218617,3.24312,10.7072,,,
1541121853.3073027,3.24312,10.7072,,,
1541121853.4081752,3.24312,10.7072,,,
1541121853.5062532,3.24274,10.7087,,,
1541121853.632331,3.24274,10.7087,,,
1541121853.7262764,3.24274,10.7087,,,
1541121853.8102038,3.24236,10.7087,,,
1541121853.9080117,3.24236,10.7095,,,
1541121854.0079887,3.24236,10.7095,0,0,0
1541121854.1166313,3.24197,10.7095,,,
1541121854.2082365,3.24197,10.7103,,,
1541121854.3084056,3.24197,10.7103,,,
1541121854.4307344,3.24197,10.7103,,,
1541121854.5121193,3.24159,10.7115,,,
1541121854.6083524,3.24159,10.7115,,,
1541121854.7084699,3.24159,10.7115,,,
1541121854.8083904,3.24115,10.7115,,,
1541121854.9235017,3.24115,10.7131,,,
1541121855.032853,3.24115,10.7131,0,0,0
1541121855.1095052,3.24077,10.7131,,,
1541121855.2311053,3.24077,10.7144,,,
1541121855.3133833,3.24077,10.7144,,,
1541121855.4268465,3.24077,10.7144,,,
1541121855.5094748,3.24039,10.7157,,,
1541121855.6094708,3.24039,10.7157,,,
1541121855.7094786,3.24039,10.7157,,,
1541121855.8163571,3.24001,10.7157,,,
1541121855.9101021,3.24001,10.7169,,,
1541121856.0310788,3.24001,10.7169,0,0,0
1541121856.1135051,3.24001,10.7169,,,
1541121856.2322252,3.23964,10.7182,,,
1541121856.3158672,3.23964,10.7182,,,
1541121856.410342,3.23964,10.7182,,,
1541121856.5102272,3.23918,10.7198,,,
1541121856.623984,3.23918,10.7198,,,
1541121856.7123704,3.23918,10.7198,,,
1541121856.8293607,3.2388,10.7198,,,
1541121856.9182508,3.2388,10.721,,,
1541121857.01771,3.2388,10.721,0,0,0
1541121857.1291082,3.23842,10.721,,,
1541121857.2113564,3.23842,10.7226,,,
1541121857.3114808,3.23842,10.7226,,,
1541121857.4129703,3.23842,10.7226,,,
1541121857.520482,3.23796,10.7239,,,
1541121857.627195,3.23796,10.7239,,,
1541121857.7190912,3.23796,10.7239,,,
1541121857.8132248,3.23759,10.7239,,,
1541121857.9322057,3.23759,10.7251,,,
1541121858.015968,3.23759,10.7251,0,0,0
1541121858.1132367,3.23759,10.7251,,,
1541121858.2132277,3.23721,10.7264,,,
1541121858.323828,3.23721,10.7264,,,
1541121858.423913,3.23721,10.7264,,,
1541121858.5223258,3.23683,10.7277,,,
1541121858.6141913,3.23683,10.7277,,,
1541121858.7234566,3.23683,10.7277,,,
1541121858.8303034,3.23645,10.7277,,,
1541121858.9191904,3.23645,10.729,,,
1541121859.0146925,3.23645,10.729,0,0,0
1541121859.117802,3.23645,10.729,,,
1541121859.240569,3.23601,10.7305,,,
1541121859.328435,3.23601,10.7305,,,
1541121859.4165986,3.23601,10.7305,,,
1541121859.5153227,3.23563,10.7318,,,
1541121859.6216776,3.23563,10.7318,,,
1541121859.7153156,3.23563,10.7318,,,
1541121859.8155737,3.23524,10.7318,,,
1541121859.9162173,3.23524,10.7331,,,
1541121860.0534315,3.23524,10.7331,0,0,0
1541121860.149206,3.23486,10.7331,,,
1541121860.2187219,3.23486,10.7346,,,
1541121860.3171825,3.23486,10.7346,,,
1541121860.4323199,3.23486,10.7346,,,
1541121860.54022,3.23441,10.7359,,,
1541121860.6187081,3.23441,10.7359,,,
1541121860.717705,3.23441,10.7359,,,
1541121860.8253546,3.23404,10.7359,,,
1541121860.9354322,3.23404,10.7372,,,
1541121861.017815,3.23404,10.7372,0,0,0
1541121861.118025,3.23404,10.7372,,,
1541121861.2180436,3.23366,10.7387,,,
1541121861.3255732,3.23366,10.7387,,,
1541121861.4169357,3.23366,10.7387,,,
1541121861.5184085,3.23328,10.74,,,
1541121861.6180632,3.23328,10.74,,,
1541121861.7568905,3.23328,10.74,,,
1541121861.8527057,3.23282,10.74,,,
1541121861.919074,3.23282,10.7413,,,
1541121862.0177512,3.23282,10.7413,0,0,0
1541121862.1341813,3.23282,10.7413,,,
1541121862.2442129,3.23245,10.7428,,,
1541121862.3221743,3.23245,10.7428,,,
1541121862.4181614,3.23245,10.7428,,,
1541121862.5221481,3.23199,10.7441,,,
1541121862.6406596,3.23199,10.7441,,,
1541121862.7184184,3.23199,10.7441,,,
1541121862.8188126,3.23161,10.7441,,,
1541121862.9190526,3.23161,10.7454,,,
1541121863.0269482,3.23161,10.7454,0,0,0
1541121863.1189008,3.23161,10.7454,,,
1541121863.2191825,3.23123,10.7467,,,
1541121863.3194191,3.23123,10.7467,,,
1541121863.460042,3.23123,10.7467,,,
1541121863.5260682,3.23085,10.7467,,,
1541121863.6200612,3.23085,10.7474,,,
1541121863.7204094,3.23085,10.7474,,,
1541121863.8340397,3.23041,10.7474,,,
1541121863.9227703,3.23041,10.7485,,,
1541121864.0224078,3.23041,10.7485,0,0,0
1541121864.1223204,3.23041,10.7485,,,
1541121864.247632,3.23003,10.7503,,,
1541121864.3429143,3.23003,10.7503,,,
1541121864.422153,3.23003,10.7503,,,
1541121864.521406,3.22964,10.7503,,,
1541121864.6229186,3.22964,10.752,,,
1541121864.732776,3.22964,10.752,,,
1541121864.823123,3.22919,10.752,,,
1541121864.9224212,3.22919,10.7536,,,
1541121865.045,3.22919,10.7536,0,0,0
1541121865.1423147,3.22919,10.7536,,,
1541121865.2257748,3.22882,10.7549,,,
1541121865.3223884,3.22882,10.7549,,,
1541121865.423895,3.22882,10.7549,,,
1541121865.5340452,3.22844,10.7561,,,
1541121865.6239328,3.22844,10.7561,,,
1541121865.7241833,3.22844,10.7561,,,
1541121865.8459864,3.22806,10.7561,,,
1541121865.936294,3.22806,10.7567,,,
1541121866.0411716,3.22806,10.7567,0,0,0
1541121866.125174,3.22806,10.7567,,,
1541121866.2262897,3.2276,10.7579,,,
1541121866.3261707,3.2276,10.7579,,,
1541121866.433408,3.2276,10.7579,,,
1541121866.5252657,3.22722,10.7579,,,
1541121866.6439764,3.22722,10.7592,,,
1541121866.7284276,3.22722,10.7592,,,
1541121866.8494043,3.22678,10.7592,,,
1541121866.9321835,3.22678,10.7608,,,
1541121867.0266593,3.22678,10.7608,0,0,0
1541121867.126657,3.22678,10.7608,,,
1541121867.2389908,3.22639,10.7621,,,
1541121867.3495207,3.22639,10.7621,,,
1541121867.4432302,3.22639,10.7621,,,
1541121867.53151,3.22601,10.7621,,,
1541121867.6393576,3.22601,10.7633,,,
1541121867.7262669,3.22601,10.7633,,,
1541121867.8261657,3.22601,10.7633,,,
1541121867.9266484,3.22563,10.7646,,,
1541121868.0366576,3.22563,10.7646,0,0,0
1541121868.145394,3.22563,10.7646,,,
1541121868.243224,3.22519,10.7667,,,
1541121868.3361807,3.22519,10.7667,,,
1541121868.434781,3.22519,10.7667,,,
1541121868.5459015,3.22481,10.7667,,,
1541121868.6284192,3.22481,10.7679,,,
1541121868.7285295,3.22481,10.7679,,,
1541121868.8291776,3.22481,10.7679,,,
1541121868.9366329,3.22435,10.769,,,
1541121869.040155,3.22435,10.769,0,0,0
1541121869.138835,3.22435,10.769,,,
1541121869.2292624,3.22397,10.7702,,,
1541121869.3492594,3.22397,10.7702,,,
1541121869.433171,3.22397,10.7702,,,
1541121869.5292842,3.22359,10.7702,,,
1541121869.6283548,3.22359,10.7715,,,
1541121869.7390206,3.22359,10.7715,,,
1541121869.8328373,3.22359,10.7715,,,
1541121869.9520588,3.22322,10.7728,,,
1541121870.0440023,3.22322,10.7728,0,0,0
1541121870.1391225,3.22322,10.7728,,,
1541121870.2472682,3.22276,10.7744,,,
1541121870.3298619,3.22276,10.7744,,,
1541121870.4297762,3.22276,10.7744,,,
1541121870.5302541,3.22238,10.7744,,,
1541121870.6381252,3.22238,10.7756,,,
1541121870.7346,3.22238,10.7756,,,
1541121870.8539379,3.22238,10.7756,,,
1541121870.9481747,3.222,10.7772,,,
1541121871.056269,3.222,10.7772,0,0,0
1541121871.1368818,3.222,10.7772,,,
1541121871.2311602,3.22156,10.7785,,,
1541121871.3323689,3.22156,10.7785,,,
1541121871.4429986,3.22156,10.7785,,,
1541121871.5328712,3.22118,10.7785,,,
1541121871.631613,3.22118,10.78,,,
1541121871.7510157,3.22118,10.78,,,
1541121871.8391383,3.22118,10.78,,,
1541121871.9496348,3.22072,10.7813,,,
1541121872.0321033,3.22072,10.7813,0,0,0
1541121872.1322327,3.22072,10.7813,,,
1541121872.2322357,3.22034,10.7825,,,
1541121872.3424006,3.22034,10.7825,,,
1541121872.434611,3.22034,10.7825,,,
1541121872.553358,3.21996,10.7825,,,
1541121872.6342354,3.21996,10.7841,,,
1541121872.7539587,3.21996,10.7841,,,
1541121872.8361232,3.21996,10.7841,,,
1541121872.9344928,3.21959,10.7854,,,
1541121873.0333629,3.21959,10.7854,0,0,0
1541121873.1437376,3.21959,10.7854,,,
1541121873.2531085,3.21913,10.7854,,,
1541121873.35822,3.21913,10.7867,,,
1541121873.4377062,3.21913,10.7867,,,
1541121873.536838,3.21875,10.7867,,,
1541121873.642234,3.21875,10.7882,,,
1541121873.7360914,3.21875,10.7882,,,
1541121873.8363407,3.21875,10.7882,,,
1541121873.936825,3.21829,10.7895,,,
1541121874.0595012,3.21829,10.7895,0,0,0
1541121874.1815653,3.21829,10.7895,,,
1541121874.2441072,3.21793,10.7895,,,
1541121874.336211,3.21793,10.7908,,,
1541121874.456111,3.21793,10.7908,,,
1541121874.561467,3.21747,10.7908,,,
1541121874.638975,3.21747,10.7923,,,
1541121874.7378502,3.21747,10.7923,,,
1541121874.8445842,3.21747,10.7923,,,
1541121874.9610872,3.21709,10.7936,,,
1541121875.0389805,3.21709,10.7936,0,0,0
1541121875.1383507,3.21709,10.7936,,,
1541121875.2383418,3.21671,10.7936,,,
1541121875.3462045,3.21671,10.7951,,,
1541121875.4381425,3.21671,10.7951,,,
1541121875.5391216,3.21671,10.7951,,,
1541121875.6392307,3.21625,10.7964,,,
1541121875.7787447,3.21625,10.7964,,,
1541121875.8453364,3.21625,10.7964,,,
1541121875.9413664,3.21588,10.7977,,,
1541121876.0385766,3.21588,10.7977,0,0,0
1541121876.1484818,3.21588,10.7977,,,
1541121876.2644467,3.21542,10.7977,,,
1541121876.341567,3.21542,10.7992,,,
1541121876.4390974,3.21542,10.7992,,,
1541121876.5661514,3.21504,10.7992,,,
1541121876.6513305,3.21504,10.8005,,,
1541121876.7393281,3.21504,10.8005,,,
1541121876.8394759,3.21504,10.8005,,,
1541121876.9402316,3.21466,10.802,,,
1541121877.0489712,3.21466,10.802,0,0,0
1541121877.1402123,3.21466,10.802,,,
1541121877.2401898,3.21422,10.802,,,
1541121877.363572,3.21422,10.8033,,,
1541121877.464815,3.21422,10.8033,,,
1541121877.547205,3.21422,10.8033,,,
1541121877.6421955,3.21384,10.8046,,,
1541121877.7412062,3.21384,10.8046,,,
1541121877.8536794,3.21384,10.8046,,,
1541121877.9423108,3.21346,10.8061,,,
1541121878.0413172,3.21346,10.8061,0,0,0
1541121878.160557,3.21346,10.8061,,,
1541121878.2495904,3.213,10.8061,,,
1541121878.359705,3.213,10.8074,,,
1541121878.4428122,3.213,10.8074,,,
1541121878.5433142,3.213,10.8074,,,
1541121878.6438327,3.21262,10.809,,,
1541121878.7515764,3.21262,10.809,,,
1541121878.8440685,3.21262,10.809,,,
1541121878.959232,3.21217,10.8102,,,
1541121879.0514235,3.21217,10.8102,0,0,0
1541121879.165318,3.21217,10.8102,,,
1541121879.247801,3.21179,10.8102,,,
1541121879.344334,3.21179,10.8115,,,
1541121879.4445517,3.21179,10.8115,,,
1541121879.5536783,3.21179,10.8115,,,
1541121879.6450553,3.21133,10.813,,,
1541121879.7569165,3.21133,10.813,,,
1541121879.8548257,3.21133,10.813,,,
1541121879.954947,3.21095,10.8143,,,
1541121880.0683017,3.21095,10.8143,0,0,0
1541121880.1461766,3.21095,10.8143,,,
1541121880.246178,3.21059,10.8143,,,
1541121880.349058,3.21059,10.8156,,,
1541121880.4630945,3.21059,10.8156,,,
1541121880.550766,3.21059,10.8156,,,
1541121880.6584134,3.21013,10.8172,,,
1541121880.7465568,3.21013,10.8172,,,
1541121880.854334,3.21013,10.8172,,,
1541121880.9463074,3.20975,10.8184,,,
1541121881.0461774,3.20975,10.8184,0,0,0
1541121881.1476393,3.20975,10.8184,,,
1541121881.2691884,3.20929,10.8184,,,
1541121881.357018,3.20929,10.82,,,
1541121881.464053,3.20929,10.82,,,
1541121881.5482376,3.20929,10.82,,,
1541121881.6635509,3.20891,10.8213,,,
1541121881.772087,3.20891,10.8213,,,
1541121881.8499508,3.20891,10.8213,,,
1541121881.9471667,3.20854,10.8225,,,
1541121882.055545,3.20854,10.8225,0,0,0
1541121882.1687796,3.20854,10.8225,,,
1541121882.2710822,3.20808,10.8225,,,
1541121882.3500662,3.20808,10.8241,,,
1541121882.4493165,3.20808,10.8241,,,
1541121882.5530555,3.20808,10.8241,,,
1541121882.649311,3.20763,10.8256,,,
1541121882.7501981,3.20763,10.8256,,,
1541121882.8494534,3.20763,10.8256,,,
1541121882.9666665,3.20724,10.8269,,,
1541121883.0791607,3.20724,10.8269,0,0,0
1541121883.1519413,3.20724,10.8269,,,
1541121883.2489207,3.20688,10.8269,,,
1541121883.3539333,3.20688,10.8282,,,
1541121883.4671512,3.20688,10.8282,,,
1541121883.5499227,3.20688,10.8282,,,
1541121883.6501546,3.20642,10.8297,,,
1541121883.7502825,3.20642,10.8297,,,
1541121883.8755054,3.20642,10.8297,,,
1541121883.9523118,3.20604,10.8297,0,0,0
1541121884.0510616,3.20604,10.831,,,
1541121884.1508927,3.20604,10.831,,,
1541121884.2780812,3.20566,10.831,,,
1541121884.3570132,3.20566,10.8323,,,
1541121884.4510264,3.20566,10.8323,,,
1541121884.5511389,3.20566,10.8323,,,
1541121884.6846144,3.20522,10.8338,,,
1541121884.7726803,3.20522,10.8338,,,
1541121884.851412,3.20522,10.8338,,,
1541121884.9521482,3.20483,10.8338,,,
1541121885.0555325,3.20483,10.8351,0,0,0
1541121885.1631424,3.20483,10.8351,,,
1541121885.2521572,3.20483,10.8351,,,
1541121885.3519263,3.20438,10.8366,,,
1541121885.475846,3.20438,10.8366,,,
1541121885.5760605,3.20438,10.8366,,,
1541121885.6562853,3.20399,10.8379,,,
1541121885.7565334,3.20399,10.8379,,,
1541121885.8568926,3.20399,10.8379,,,
1541121885.96662,3.20361,10.8392,,,
1541121886.0748944,3.20361,10.8392,0,0,0
1541121886.1562767,3.20361,10.8392,,,
1541121886.2790587,3.20317,10.8392,,,
1541121886.3594992,3.20317,10.8407,,,
1541121886.4647787,3.20317,10.8407,,,
1541121886.5599048,3.20317,10.8407,,,
1541121886.6604025,3.20279,10.842,,,
1541121886.7614977,3.20279,10.842,,,
1541121886.8769002,3.20279,10.842,,,
1541121886.962261,3.20233,10.842,0,0,0
1541121887.0840936,3.20233,10.8436,,,
1541121887.1637666,3.20233,10.8436,,,
1541121887.2687447,3.20195,10.8436,,,
1541121887.379113,3.20195,10.8448,,,
1541121887.4631367,3.20195,10.8448,,,
1541121887.561663,3.20195,10.8448,,,
1541121887.6631358,3.20151,10.8464,,,
1541121887.7683744,3.20151,10.8464,,,
1541121887.880997,3.20151,10.8464,,,
1541121887.9687352,3.20113,10.8464,0,0,0
1541121888.0623739,3.20113,10.8477,,,
1541121888.1790223,3.20113,10.8477,,,
1541121888.2641273,3.20113,10.8477,,,
1541121888.3641324,3.20074,10.8492,,,
1541121888.4633706,3.20074,10.8492,,,
1541121888.5694046,3.20074,10.8492,,,
1541121888.6895397,3.20029,10.8505,,,
1541121888.77525,3.20029,10.8505,,,
1541121888.8649936,3.20029,10.8505,,,
1541121888.9651098,3.19991,10.8505,,,
1541121889.073873,3.19991,10.852,0,0,0
1541121889.1663988,3.19991,10.852,,,
1541121889.2640026,3.19991,10.852,,,
1541121889.3669667,3.19946,10.8533,,,
1541121889.4820268,3.19946,10.8533,,,
1541121889.596122,3.19946,10.8533,,,
1541121889.669111,3.19908,10.8548,,,
1541121889.766014,3.19908,10.8548,,,
1541121889.880004,3.19908,10.8548,,,
1541121889.9889808,3.19862,10.8548,0,0,0
1541121890.0665069,3.19862,10.8561,,,
1541121890.1662135,3.19862,10.8561,,,
1541121890.2760708,3.19862,10.8561,,,
1541121890.3780482,3.19817,10.8577,,,
1541121890.4659662,3.19817,10.8577,,,
1541121890.566102,3.19817,10.8577,,,
1541121890.6659615,3.1978,10.8589,,,
1541121890.774856,3.1978,10.8589,,,
1541121890.8661304,3.1978,10.8589,,,
1541121890.966587,3.19742,10.8589,0,0,0
1541121891.0700495,3.19742,10.8605,,,
1541121891.2105534,3.19742,10.8605,,,
1541121891.3004677,3.19696,10.8605,,,
1541121891.3691103,3.19696,10.8618,,,
1541121891.46835,3.19696,10.8618,,,
1541121891.5794892,3.19696,10.8618,,,
1541121891.6669571,3.19658,10.863,,,
1541121891.768737,3.19658,10.863,,,
1541121891.8686252,3.19658,10.863,,,
1541121891.9763649,3.19614,10.863,0,0,0
1541121892.0881507,3.19614,10.8646,,,
1541121892.1690996,3.19614,10.8646,,,
1541121892.269217,3.19614,10.8646,,,
1541121892.369488,3.19568,10.8661,,,
1541121892.4783638,3.19568,10.8661,,,
1541121892.569496,3.19568,10.8661,,,
1541121892.6698706,3.1953,10.8674,,,
1541121892.76949,3.1953,10.8674,,,
1541121892.910591,3.1953,10.8674,,,
1541121893.0037143,3.19484,10.8674,0,0,0
1541121893.0723321,3.19484,10.8689,,,
1541121893.1694674,3.19484,10.8689,,,
1541121893.28558,3.19484,10.8689,,,
1541121893.3698463,3.19446,10.8702,,,
1541121893.469835,3.19446,10.8702,,,
1541121893.5699577,3.19446,10.8702,,,
1541121893.6803255,3.19402,10.8717,,,
1541121893.7961757,3.19402,10.8717,,,
1541121893.8737094,3.19402,10.8717,,,
1541121893.9706943,3.19363,10.8717,0,0,0
1541121894.07109,3.19363,10.873,,,
1541121894.1798337,3.19363,10.873,,,
1541121894.2708554,3.19363,10.873,,,
1541121894.372206,3.19318,10.8746,,,
1541121894.4715824,3.19318,10.8746,,,
1541121894.6141148,3.19318,10.8746,,,
1541121894.6779504,3.19279,10.8746,,,
1541121894.7716017,3.19279,10.8759,,,
1541121894.8719695,3.19279,10.8759,,,
1541121894.986824,3.19235,10.8759,0,0,0
1541121895.0731995,3.19235,10.8774,,,
1541121895.1721053,3.19235,10.8774,,,
1541121895.2731926,3.19235,10.8774,,,
1541121895.3996673,3.19197,10.8787,,,
1541121895.4924307,3.19197,10.8787,,,
1541121895.5728257,3.19197,10.8787,,,
1541121895.6738157,3.19151,10.8787,,,
1541121895.7755659,3.19151,10.8802,,,
1541121895.8833225,3.19151,10.8802,,,
1541121895.9741974,3.19151,10.8802,0,0,0
1541121896.0748186,3.19113,10.8815,,,
1541121896.1959052,3.19113,10.8815,,,
1541121896.2960238,3.19113,10.8815,,,
1541121896.4031863,3.19069,10.883,,,
1541121896.4815784,3.19069,10.883,,,
1541121896.5818212,3.19069,10.883,,,
1541121896.6868427,3.19031,10.8843,,,
1541121896.799286,3.19031,10.8843,,,
1541121896.8819613,3.19031,10.8843,,,
1541121897.005151,3.18985,10.8843,0,0,0
1541121897.088083,3.18985,10.8858,,,
1541121897.2105803,3.18985,10.8858,,,
1541121897.2936792,3.18985,10.8858,,,
1541121897.3889377,3.18947,10.8871,,,
1541121897.4889364,3.18947,10.8871,,,
1541121897.6014595,3.18947,10.8871,,,
1541121897.6889412,3.18901,10.8887,,,
1541121897.8127568,3.18901,10.8887,,,
1541121897.8960547,3.18901,10.8887,,,
1541121898.0000832,3.18864,10.8887,0,0,0
1541121898.1140678,3.18864,10.89,,,
1541121898.1966891,3.18864,10.89,,,
1541121898.296656,3.18864,10.89,,,
1541121898.39681,3.18819,10.8915,,,
1541121898.5047991,3.18819,10.8915,,,
1541121898.6192477,3.18819,10.8915,,,
1541121898.702282,3.18781,10.893,,,
1541121898.8014526,3.18781,10.893,,,
1541121898.9160485,3.18781,10.893,,,
1541121899.0240421,3.18735,10.893,0,0,0
1541121899.1031718,3.18735,10.8943,,,
1541121899.2023993,3.18735,10.8943,,,
1541121899.3062932,3.18735,10.8943,,,
1541121899.4300425,3.18698,10.8956,,,
1541121899.5059252,3.18698,10.8956,,,
1541121899.6037753,3.18698,10.8956,,,
1541121899.7029085,3.18652,10.8971,,,
1541121899.809818,3.18652,10.8971,,,
1541121899.9046636,3.18652,10.8971,,,
1541121900.0049121,3.18614,10.8971,0,0,0
1541121900.1048033,3.18614,10.8987,,,
1541121900.2454474,3.18614,10.8987,,,
1541121900.3163702,3.18614,10.8987,,,
1541121900.4066153,3.18568,10.8999,,,
1541121900.5065317,3.18568,10.8999,,,
1541121900.626508,3.18568,10.8999,,,
1541121900.7094052,3.1853,10.9015,,,
1541121900.8072193,3.1853,10.9015,,,
1541121900.9072518,3.1853,10.9015,,,
1541121901.040372,3.18486,10.9015,0,0,0
1541121901.1229913,3.18486,10.903,,,
1541121901.2081354,3.18486,10.903,,,
1541121901.308161,3.18486,10.903,,,
1541121901.4080184,3.1844,10.9043,,,
1541121901.5155334,3.1844,10.9043,,,
1541121901.6081905,3.1844,10.9043,,,
1541121901.7083015,3.18402,10.9043,,,
1541121901.8204472,3.18402,10.9056,,,
1541121901.9181938,3.18402,10.9056,,,
1541121902.014871,3.18356,10.9056,0,0,0
1541121902.1085262,3.18356,10.9071,,,
1541121902.2089999,3.18356,10.9071,,,
1541121902.3211486,3.18356,10.9071,,,
1541121902.4085138,3.1832,10.9087,,,
1541121902.5089366,3.1832,10.9087,,,
1541121902.6135836,3.1832,10.9087,,,
1541121902.724938,3.18274,10.9099,,,
1541121902.8255117,3.18274,10.9099,,,
1541121902.9094918,3.18274,10.9099,,,
1541121903.0092468,3.18274,10.9099,0,0,0
1541121903.109365,3.18228,10.9115,,,
1541121903.2163665,3.18228,10.9115,,,
1541121903.3097312,3.18228,10.9115,,,
1541121903.4134176,3.1819,10.9128,,,
1541121903.5254347,3.1819,10.9128,,,
1541121903.6266196,3.1819,10.9128,,,
1541121903.7102141,3.18146,10.9128,,,
1541121903.810415,3.18146,10.9143,,,
1541121903.910977,3.18146,10.9143,,,
1541121904.016831,3.181,10.9143,0,0,0
1541121904.1281035,3.181,10.9158,,,
1541121904.2112272,3.181,10.9158,,,
1541121904.3313415,3.181,10.9158,,,
1541121904.411383,3.18062,10.9171,,,
1541121904.5193644,3.18062,10.9171,,,
1541121904.6130583,3.18062,10.9171,,,
1541121904.7177467,3.18016,10.9171,,,
1541121904.8115792,3.18016,10.9187,,,
1541121904.9163508,3.18016,10.9187,,,
1541121905.012617,3.18016,10.9187,0,0,0
1541121905.1341696,3.17979,10.9202,,,
1541121905.2138226,3.17979,10.9202,,,
1541121905.3278852,3.17979,10.9202,,,
1541121905.4353669,3.17934,10.9215,,,
1541121905.514343,3.17934,10.9215,,,
1541121905.6132493,3.17934,10.9215,,,
1541121905.7181292,3.17888,10.9215,,,
1541121905.8297317,3.17888,10.9235,,,
1541121905.939453,3.17888,10.9235,,,
1541121906.018526,3.17888,10.9235,0,0,0
1541121906.1157346,3.1785,10.9256,,,
1541121906.221691,3.1785,10.9256,,,
1541121906.315742,3.1785,10.9256,,,
1541121906.413123,3.17804,10.9266,,,
1541121906.5130012,3.17804,10.9266,,,
1541121906.6371112,3.17804,10.9266,,,
1541121906.752394,3.17767,10.9266,,,
1541121906.827145,3.17767,10.9274,,,
1541121906.9223623,3.17767,10.9274,,,
1541121907.0266001,3.17767,10.9274,0,0,0
1541121907.1383915,3.17722,10.9286,,,
1541121907.223864,3.17722,10.9286,,,
1541121907.3226464,3.17722,10.9286,,,
1541121907.4225981,3.17683,10.9302,,,
1541121907.5303757,3.17683,10.9302,,,
1541121907.6237342,3.17683,10.9302,,,
1541121907.7238612,3.17638,10.9302,,,
1541121907.8239892,3.17638,10.9315,,,
1541121907.9266214,3.17638,10.9315,,,
1541121908.0229542,3.17638,10.9315,0,0,0
1541121908.1232188,3.17593,10.933,,,
1541121908.2468436,3.17593,10.933,,,
1541121908.3381102,3.17593,10.933,,,
1541121908.443463,3.17555,10.9343,,,
1541121908.5279958,3.17555,10.9343,,,
1541121908.627843,3.17555,10.9343,,,
1541121908.7279882,3.17509,10.9343,,,
1541121908.8366036,3.17509,10.9358,,,
1541121908.926755,3.17509,10.9358,,,
1541121909.050713,3.17464,10.9358,0,0,0
1541121909.1315935,3.17464,10.9376,,,
1541121909.2522306,3.17464,10.9376,,,
1541121909.3347306,3.17464,10.9376,,,
1541121909.4311004,3.17427,10.9399,,,
1541121909.5313337,3.17427,10.9399,,,
1541121909.6417117,3.17427,10.9399,,,
1541121909.7333307,3.17381,10.9399,,,
1541121909.8667324,3.17381,10.9412,,,
1541121909.9370458,3.17381,10.9412,0,0,0
1541121910.0433528,3.17381,10.9412,,,
1541121910.1509378,3.17336,10.9427,,,
1541121910.2343137,3.17336,10.9427,,,
1541121910.3357716,3.17336,10.9427,,,
1541121910.4357715,3.1729,10.9443,,,
1541121910.5412228,3.1729,10.9443,,,
1541121910.6569993,3.1729,10.9443,,,
1541121910.742184,3.17253,10.9443,,,
1541121910.8349028,3.17253,10.9456,,,
1541121910.9549232,3.17253,10.9456,,,
1541121911.0602632,3.17207,10.9456,0,0,0
1541121911.139589,3.17207,10.9471,,,
1541121911.2386744,3.17207,10.9471,,,
1541121911.3444426,3.17207,10.9471,,,
1541121911.461915,3.17162,10.9486,,,
1541121911.5481231,3.17162,10.9486,,,
1541121911.638452,3.17162,10.9486,,,
1541121911.742668,3.17123,10.9486,,,
1541121911.8554313,3.17123,10.9499,,,
1541121911.9396753,3.17123,10.9499,,,
1541121912.0400553,3.17123,10.9499,0,0,0
1541121912.1401668,3.17078,10.9515,,,
1541121912.2602017,3.17078,10.9515,,,
1541121912.3502321,3.17078,10.9515,,,
1541121912.441587,3.17033,10.953,,,
1541121912.5429764,3.17033,10.953,,,
1541121912.6586063,3.17033,10.953,,,
1541121912.743356,3.16995,10.953,,,
1541121912.8436062,3.16995,10.9543,,,
1541121912.9439719,3.16995,10.9543,,,
1541121913.0625584,3.16995,10.9543,0,0,0
1541121913.1542032,3.16949,10.9558,,,
1541121913.2398264,3.16949,10.9558,,,
1541121913.3400748,3.16949,10.9558,,,
1541121913.439725,3.16904,10.9574,,,
1541121913.548636,3.16904,10.9574,,,
1541121913.6400714,3.16904,10.9574,,,
1541121913.7420936,3.16867,10.9574,,,
1541121913.8461728,3.16867,10.9589,,,
1541121913.9787893,3.16867,10.9589,,,
1541121914.0691328,3.16821,10.9589,0,0,0
1541121914.1491253,3.16821,10.9604,,,
1541121914.2433107,3.16821,10.9604,,,
1541121914.3534315,3.16821,10.9604,,,
1541121914.445151,3.16776,10.9617,,,
1541121914.5444438,3.16776,10.9617,,,
1541121914.644737,3.16776,10.9617,,,
1541121914.7594726,3.16737,10.9617,,,
1541121914.867373,3.16737,10.9633,,,
1541121914.9675345,3.16737,10.9633,0,0,0
1541121915.0458078,3.16737,10.9633,,,
1541121915.1427906,3.16693,10.9645,,,
1541121915.2507026,3.16693,10.9645,,,
1541121915.3430798,3.16693,10.9645,,,
1541121915.4439285,3.16647,10.9661,,,
1541121915.543067,3.16647,10.9661,,,
1541121915.6712804,3.16647,10.9661,,,
1541121915.7789445,3.16609,10.9661,,,
1541121915.8466792,3.16609,10.9676,,,
1541121915.9453013,3.16609,10.9676,,,
1541121916.1121693,3.1468,12.1287,,,
1541121916.2585604,3.1468,12.1287,,,
1541121916.4089003,3.09612,12.1287,,,
1541121916.584296,3.09612,14.4463,,,
1541121916.7681427,3.09241,14.4463,,,
1541121916.916717,3.09241,14.4635,,,
1541121917.0887778,3.08952,14.4635,,,
1541121917.2390034,3.08952,14.4766,,,
1541121917.388609,3.08952,14.4766,,,
1541121917.5642438,3.08711,14.4881,,,
1541121917.6540914,3.08711,14.4881,0,0,0
1541121917.7573102,3.11282,14.4881,0,0,0
1541121917.8667934,3.11282,12.8733,,,
1541121917.9485202,3.11282,12.8733,0,0,0
1541121918.0485187,3.11282,12.8733,,,
1541121918.148913,3.153,11.0125,,,
1541121918.2555034,3.153,11.0125,,,
1541121918.3921018,3.153,11.0125,,,
1541121918.4536564,3.15414,11.0125,,,
1541121918.5510068,3.15414,11.0086,,,
1541121918.6676862,3.15414,11.0086,,,
1541121918.7515118,3.15414,11.0086,,,
1541121918.8500082,3.15474,11.0066,,,
1541121918.9520383,3.15474,11.0066,,,
1541121919.0579224,3.15474,11.0066,0,0,0
1541121919.1724398,3.15504,11.0058,,,
1541121919.2567976,3.15504,11.0058,,,
1541121919.3520284,3.15504,11.0058,,,
1541121919.4524033,3.15512,11.0058,,,
1541121919.5612922,3.15512,11.0053,,,
1541121919.6523938,3.15512,11.0053,,,
1541121919.7518027,3.15512,11.0053,,,
1541121919.8515167,3.1552,11.0053,,,
1541121919.9934406,3.1552,11.0053,,,
1541121920.0654461,3.1552,11.0053,0,0,0
1541121920.152133,3.15512,11.0056,,,
1541121920.2535331,3.15512,11.0056,,,
1541121920.3678842,3.15512,11.0056,,,
1541121920.4754112,3.15497,11.0056,,,
1541121920.5545125,3.15497,11.0061,,,
1541121920.6537771,3.15497,11.0061,,,
1541121920.77273,3.15497,11.0061,,,
1541121920.865793,3.15482,11.0063,,,
1541121920.953529,3.15482,11.0063,,,
1541121921.0536447,3.15482,11.0063,0,0,0
1541121921.1535227,3.15466,11.0071,,,
1541121921.2615047,3.15466,11.0071,,,
1541121921.3550394,3.15466,11.0071,,,
1541121921.4539914,3.15443,11.0071,,,
1541121921.566492,3.15443,11.0079,,,
1541121921.6973565,3.15443,11.0079,,,
1541121921.7858975,3.15414,11.0079,,,
1541121921.8581452,3.15414,11.0086,,,
1541121921.9566574,3.15414,11.0086,,,
1541121922.0677705,3.15414,11.0086,0,0,0
1541121922.1791484,3.15392,11.0096,,,
1541121922.2580867,3.15392,11.0096,,,
1541121922.3567686,3.15392,11.0096,,,
1541121922.4691777,3.15361,11.0096,,,
1541121922.5686567,3.15361,11.0107,,,
1541121922.655496,3.15361,11.0107,,,
1541121922.7570138,3.15361,11.0107,,,
1541121922.8561356,3.15331,11.0117,,,
1541121922.962641,3.15331,11.0117,,,
1541121923.0578663,3.15331,11.0117,0,0,0
1541121923.1582174,3.153,11.0127,,,
1541121923.2602518,3.153,11.0127,,,
1541121923.3915668,3.153,11.0127,,,
1541121923.486006,3.15269,11.0127,,,
1541121923.561024,3.15269,11.0137,,,
1541121923.6588783,3.15269,11.0137,,,
1541121923.7682135,3.15269,11.0137,,,
1541121923.8582146,3.15233,11.015,,,
1541121923.9583325,3.15233,11.015,,,
1541121924.0588868,3.15233,11.015,0,0,0
1541121924.1715946,3.15202,11.0166,,,
1541121924.2793894,3.15202,11.0166,,,
1541121924.3586426,3.15202,11.0166,,,
1541121924.4584827,3.15164,11.0166,,,
1541121924.558749,3.15164,11.0184,,,
1541121924.6662626,3.15164,11.0184,,,
1541121924.7601273,3.15164,11.0184,,,
1541121924.859621,3.15126,11.0194,,,
1541121924.9598885,3.15126,11.0194,,,
1541121925.1042,3.15126,11.0194,0,0,0
1541121925.1986268,3.15096,11.0207,,,
1541121925.2620845,3.15096,11.0207,,,
1541121925.3644514,3.15096,11.0207,,,
1541121925.4793231,3.15059,11.0207,,,
1541121925.5849514,3.15059,11.022,,,
1541121925.6650698,3.15059,11.022,,,
1541121925.7647772,3.15059,11.022,,,
1541121925.869332,3.15021,11.0232,,,
1541121925.9978445,3.15021,11.0232,0,0,0
1541121926.0642207,3.15021,11.0232,,,
1541121926.1628065,3.14983,11.0232,,,
1541121926.2648222,3.14983,11.0245,,,
1541121926.3714821,3.14983,11.0245,,,
1541121926.4643428,3.14944,11.0245,,,
1541121926.5626876,3.14944,11.0258,,,
1541121926.6640558,3.14944,11.0258,,,
1541121926.788625,3.14944,11.0258,,,
1541121926.870753,3.14906,11.0271,,,
1541121926.9642806,3.14906,11.0271,0,0,0
1541121927.064773,3.14906,11.0271,,,
1541121927.179129,3.1487,11.0284,,,
1541121927.2647576,3.1487,11.0284,,,
1541121927.364333,3.1487,11.0284,,,
1541121927.4644656,3.14832,11.0284,,,
1541121927.5964017,3.14832,11.0296,,,
1541121927.686584,3.14832,11.0296,,,
1541121927.7657619,3.14832,11.0296,,,
1541121927.8647835,3.14793,11.0309,,,
1541121927.9693577,3.14793,11.0309,,,
1541121928.0821157,3.14793,11.0309,0,0,0
1541121928.1654162,3.14748,11.0309,,,
1541121928.2655463,3.14748,11.0322,,,
1541121928.3863678,3.14748,11.0322,,,
1541121928.4723077,3.14711,11.0322,,,
1541121928.5661812,3.14711,11.0337,,,
1541121928.668327,3.14711,11.0337,,,
1541121928.7694783,3.14711,11.0337,,,
1541121928.8899434,3.14673,11.035,,,
1541121928.9714456,3.14673,11.035,0,0,0
1541121929.0671964,3.14673,11.035,,,
1541121929.1887195,3.14627,11.035,,,
1541121929.2804074,3.14627,11.0363,,,
1541121929.3924358,3.14627,11.0363,,,
1541121929.4728682,3.14627,11.0363,,,
1541121929.5691009,3.14589,11.0378,,,
1541121929.674418,3.14589,11.0378,,,
1541121929.7853181,3.14589,11.0378,,,
1541121929.869867,3.14551,11.0391,,,
1541121929.9695554,3.14551,11.0391,0,0,0
1541121930.0702157,3.14551,11.0391,,,
1541121930.1753163,3.14507,11.0391,,,
1541121930.272363,3.14507,11.0407,,,
1541121930.3668404,3.14507,11.0407,,,
1541121930.4684784,3.14507,11.0407,,,
1541121930.5875711,3.14468,11.0419,,,
1541121930.68018,3.14468,11.0419,,,
1541121930.7764585,3.14468,11.0419,,,
1541121930.8676662,3.14423,11.0435,,,
1541121930.9780822,3.14423,11.0435,0,0,0
1541121931.0680113,3.14423,11.0435,,,
1541121931.1694555,3.14384,11.0435,,,
1541121931.272833,3.14384,11.0448,,,
1541121931.3792336,3.14384,11.0448,,,
1541121931.4962738,3.1434,11.0448,,,
1541121931.5839412,3.1434,11.0463,,,
1541121931.6707015,3.1434,11.0463,,,
1541121931.7710783,3.1434,11.0463,,,
1541121931.8780994,3.14302,11.0478,,,
1541121931.9729438,3.14302,11.0478,0,0,0
1541121932.072328,3.14302,11.0478,,,
1541121932.172326,3.14256,11.0478,,,
1541121932.3032665,3.14256,11.0501,,,
1541121932.3999383,3.14256,11.0501,,,
1541121932.4787068,3.14256,11.0501,,,
1541121932.5737002,3.14211,11.0514,,,
1541121932.6828234,3.14211,11.0514,,,
1541121932.7736847,3.14211,11.0514,,,
1541121932.8741908,3.14172,11.053,,,
1541121932.9743135,3.14172,11.053,0,0,0
1541121933.0900722,3.14172,11.053,,,
1541121933.1915867,3.14128,11.053,,,
1541121933.2749398,3.14128,11.0545,,,
1541121933.3748248,3.14128,11.0545,,,
1541121933.474945,3.14128,11.0545,,,
1541121933.5817058,3.1409,11.0558,,,
1541121933.6749392,3.1409,11.0558,,,
1541121933.7757003,3.1409,11.0558,,,
1541121933.8766854,3.14044,11.0573,,,
1541121934.0185685,3.14044,11.0573,0,0,0
1541121934.1075199,3.14044,11.0573,,,
1541121934.176553,3.13998,11.0573,,,
1541121934.2759485,3.13998,11.0589,,,
1541121934.3887067,3.13998,11.0589,,,
1541121934.4990666,3.13954,11.0589,,,
1541121934.5782287,3.13954,11.0602,,,
1541121934.6754208,3.13954,11.0602,,,
1541121934.7818367,3.13954,11.0602,,,
1541121934.8991382,3.13916,11.0617,,,
1541121934.9780443,3.13916,11.0617,0,0,0
1541121935.0762982,3.13916,11.0617,,,
1541121935.1786966,3.1387,11.0617,,,
1541121935.2850108,3.1387,11.0632,,,
1541121935.3780975,3.1387,11.0632,,,
1541121935.4781423,3.1387,11.0632,,,
1541121935.5781505,3.13824,11.0645,,,
1541121935.7143211,3.13824,11.0645,,,
1541121935.7807066,3.13824,11.0645,,,
1541121935.8785698,3.13788,11.066,,,
1541121935.9785714,3.13788,11.066,0,0,0
1541121936.0886898,3.13788,11.066,,,
1541121936.1787002,3.13742,11.066,,,
1541121936.2786903,3.13742,11.0676,,,
1541121936.378698,3.13742,11.0676,,,
1541121936.5095367,3.13742,11.0676,,,
1541121936.6000268,3.13696,11.0691,,,
1541121936.6796544,3.13696,11.0691,,,
1541121936.7795503,3.13696,11.0691,,,
1541121936.8822649,3.13651,11.0706,,,
1541121936.9970458,3.13651,11.0706,0,0,0
1541121937.079555,3.13651,11.0706,,,
1541121937.178928,3.13606,11.0706,,,
1541121937.3014798,3.13606,11.0722,,,
1541121937.3872952,3.13606,11.0722,,,
1541121937.4808936,3.13606,11.0722,,,
1541121937.5827985,3.1356,11.0735,,,
1541121937.6825209,3.1356,11.0735,,,
1541121937.8030436,3.1356,11.0735,,,
1541121937.8869288,3.13522,11.0735,,,
1541121937.9831717,3.13522,11.0753,0,0,0
1541121938.104623,3.13522,11.0753,,,
1541121938.1936712,3.13477,11.0753,,,
1541121938.3047988,3.13477,11.0766,,,
1541121938.3887737,3.13477,11.0766,,,
1541121938.4886367,3.13477,11.0766,,,
1541121938.5883217,3.13432,11.0783,,,
1541121938.6980312,3.13432,11.0783,,,
1541121938.788544,3.13432,11.0783,,,
1541121938.912615,3.13387,11.0783,,,
1541121938.9971516,3.13387,11.0806,0,0,0
1541121939.1146457,3.13387,11.0806,,,
1541121939.1963966,3.13341,11.0806,,,
1541121939.2940204,3.13341,11.0822,,,
1541121939.3955173,3.13341,11.0822,,,
1541121939.504409,3.13341,11.0822,,,
1541121939.612166,3.13295,11.0837,,,
1541121939.7189696,3.13295,11.0837,,,
1541121939.7987638,3.13295,11.0837,,,
1541121939.8964083,3.13251,11.0837,,,
1541121940.0027838,3.13251,11.0853,0,0,0
1541121940.0968943,3.13251,11.0853,,,
1541121940.1967578,3.13205,11.0853,,,
1541121940.2967494,3.13205,11.0868,,,
1541121940.421671,3.13205,11.0868,,,
1541121940.533623,3.13205,11.0868,,,
1541121940.606636,3.13159,11.0883,,,
1541121940.696255,3.13159,11.0883,,,
1541121940.8085492,3.13159,11.0883,,,
1541121940.9213758,3.13113,11.0883,,,
1541121940.9991286,3.13113,11.0899,0,0,0
1541121941.0993855,3.13113,11.0899,,,
1541121941.2028956,3.13069,11.0899,,,
1541121941.32513,3.13069,11.0914,,,
1541121941.4116905,3.13069,11.0914,,,
1541121941.5053399,3.13069,11.0914,,,
1541121941.6071792,3.13023,11.093,,,
1541121941.7137353,3.13023,11.093,,,
1541121941.8057504,3.13023,11.093,,,
1541121941.9067492,3.12978,11.093,,,
1541121942.0064886,3.12978,11.095,0,0,0
1541121942.1261098,3.12978,11.095,,,
1541121942.2385285,3.12932,11.095,,,
1541121942.309427,3.12932,11.097,,,
1541121942.406749,3.12932,11.097,,,
1541121942.5204527,3.12932,11.097,,,
1541121942.6068938,3.12888,11.0986,,,
1541121942.7069473,3.12888,11.0986,,,
1541121942.8072932,3.12888,11.0986,,,
1541121942.9319298,3.12842,11.1001,,,
1541121943.0208135,3.12842,11.1001,0,0,0
1541121943.1073174,3.12842,11.1001,,,
1541121943.2074773,3.12796,11.1001,,,
1541121943.3080523,3.12796,11.1017,,,
1541121943.4135532,3.12796,11.1017,,,
1541121943.508069,3.12796,11.1017,,,
1541121943.6083655,3.1275,11.1032,,,
1541121943.7136235,3.1275,11.1032,,,
1541121943.8473074,3.1275,11.1032,,,
1541121943.9355514,3.12706,11.1032,,,
1541121944.0127225,3.12706,11.1047,0,0,0
1541121944.109367,3.12706,11.1047,,,
1541121944.2193472,3.1266,11.1047,,,
1541121944.3098557,3.1266,11.1063,,,
1541121944.4096758,3.1266,11.1063,,,
1541121944.510197,3.1266,11.1063,,,
1541121944.6304708,3.12614,11.1078,,,
1541121944.729332,3.12614,11.1078,,,
1541121944.8096364,3.12614,11.1078,,,
1541121944.9113505,3.12569,11.1078,,,
1541121945.011488,3.12569,11.1094,0,0,0
1541121945.1179492,3.12569,11.1094,,,
1541121945.211718,3.12569,11.1094,,,
1541121945.3121195,3.12517,11.1111,,,
1541121945.4153242,3.12517,11.1111,,,
1541121945.5489638,3.12517,11.1111,,,
1541121945.6462836,3.12471,11.1127,,,
1541121945.7128177,3.12471,11.1127,,,
1541121945.8119435,3.12471,11.1127,,,
1541121945.9297097,3.12425,11.1142,,,
1541121946.0143902,3.12425,11.1142,0,0,0
1541121946.1142876,3.12425,11.1142,,,
1541121946.2141218,3.12425,11.1142,,,
1541121946.3207023,3.12379,11.1158,,,
1541121946.434704,3.12379,11.1158,,,
1541121946.5339816,3.12379,11.1158,,,
1541121946.6116648,3.12335,11.1173,,,
1541121946.7111282,3.12335,11.1173,,,
1541121946.8173568,3.12335,11.1173,,,
1541121946.9165554,3.12289,11.1173,,,
1541121947.0135367,3.12289,11.1188,0,0,0
1541121947.1136377,3.12289,11.1188,,,
1541121947.2322426,3.12244,11.1188,,,
1541121947.34552,3.12244,11.1204,,,
1541121947.4212582,3.12244,11.1204,,,
1541121947.5145543,3.12244,11.1204,,,
1541121947.6250715,3.1219,11.1222,,,
1541121947.7152464,3.1219,11.1222,,,
1541121947.8140678,3.1219,11.1222,,,
1541121947.9138844,3.12146,11.1222,,,
1541121948.0193396,3.12146,11.1235,0,0,0
1541121948.1320674,3.12146,11.1235,,,
1541121948.2145581,3.12146,11.1235,,,
1541121948.3151133,3.121,11.1252,,,
1541121948.4150934,3.121,11.1252,,,
1541121948.5237427,3.121,11.1252,,,
1541121948.616657,3.12054,11.1278,,,
1541121948.715406,3.12054,11.1278,,,
1541121948.8416822,3.12054,11.1278,,,
1541121948.9202664,3.12001,11.1278,,,
1541121949.0171814,3.12001,11.1296,0,0,0
1541121949.117041,3.12001,11.1296,,,
1541121949.217073,3.12001,11.1296,,,
1541121949.330674,3.11957,11.1311,,,
1541121949.4170518,3.11957,11.1311,,,
1541121949.5177727,3.11957,11.1311,,,
1541121949.6426375,3.11911,11.1327,,,
1541121949.725172,3.11911,11.1327,,,
1541121949.8337665,3.11911,11.1327,,,
1541121949.917767,3.11865,11.1327,,,
1541121950.0182931,3.11865,11.1342,0,0,0
1541121950.1182566,3.11865,11.1342,,,
1541121950.2233942,3.11865,11.1342,,,
1541121950.3182561,3.11819,11.136,,,
1541121950.4395459,3.11819,11.136,,,
1541121950.529051,3.11819,11.136,,,
1541121950.6437156,3.11768,11.1375,,,
1541121950.7234628,3.11768,11.1375,,,
1541121950.8193283,3.11768,11.1375,,,
1541121950.9191926,3.11722,11.1375,,,
1541121951.0311103,3.11722,11.1391,0,0,0
1541121951.1196618,3.11722,11.1391,,,
1541121951.238012,3.11722,11.1391,,,
1541121951.3270252,3.11676,11.1409,,,
1541121951.430654,3.11676,11.1409,,,
1541121951.5204637,3.11676,11.1409,,,
1541121951.621332,3.11624,11.1409,,,
1541121951.7204516,3.11624,11.1434,,,
1541121951.8307636,3.11624,11.1434,,,
1541121951.92136,3.11578,11.1434,,,
1541121952.0385606,3.11578,11.1452,0,0,0
1541121952.1303222,3.11578,11.1452,,,
1541121952.2349195,3.11578,11.1452,,,
1541121952.3444188,3.11525,11.1468,,,
1541121952.4232798,3.11525,11.1468,,,
1541121952.5219533,3.11525,11.1468,,,
1541121952.6251826,3.11479,11.1468,,,
1541121952.7381258,3.11479,11.1483,,,
1541121952.8362072,3.11479,11.1483,,,
1541121952.9300292,3.11435,11.1483,,,
1541121953.025074,3.11435,11.1499,0,0,0
1541121953.1311793,3.11435,11.1499,,,
1541121953.2239292,3.11435,11.1499,,,
1541121953.3230894,3.11382,11.1516,,,
1541121953.423038,3.11382,11.1516,,,
1541121953.5462673,3.11382,11.1516,,,
1541121953.637181,3.11336,11.1516,,,
1541121953.733699,3.11336,11.1532,,,
1541121953.82363,3.11336,11.1532,,,
1541121953.934762,3.1129,11.1532,,,
1541121954.023765,3.1129,11.1547,0,0,0
1541121954.124962,3.1129,11.1547,,,
1541121954.2243,3.1129,11.1547,,,
1541121954.333605,3.11238,11.1565,,,
1541121954.4552865,3.11238,11.1565,,,
1541121954.5467026,3.11238,11.1565,,,
1541121954.6243534,3.11192,11.1565,,,
1541121954.727086,3.11192,11.1588,,,
1541121954.835093,3.11192,11.1588,,,
1541121954.9258249,3.11192,11.1588,,,
1541121955.0263045,3.11147,11.1609,0,0,0
1541121955.1265874,3.11147,11.1609,,,
1541121955.2318254,3.11147,11.1609,,,
1541121955.356324,3.11093,11.1624,,,
1541121955.4302218,3.11093,11.1624,,,
1541121955.5269706,3.11093,11.1624,,,
1541121955.6407359,3.11049,11.1624,,,
1541121955.7284715,3.11049,11.164,,,
1541121955.8268344,3.11049,11.164,,,
1541121955.9278831,3.11049,11.164,,,
1541121956.0407333,3.10995,11.1657,0,0,0
1541121956.1463761,3.10995,11.1657,,,
1541121956.2278767,3.10995,11.1657,,,
1541121956.3282306,3.1095,11.1673,,,
1541121956.428203,3.1095,11.1673,,,
1541121956.5335083,3.1095,11.1673,,,
1541121956.627001,3.10898,11.1673,,,
1541121956.7280843,3.10898,11.1691,,,
1541121956.8283331,3.10898,11.1691,,,
1541121956.971466,3.10852,11.1691,,,
1541121957.0589094,3.10852,11.1706,0,0,0
1541121957.1329656,3.10852,11.1706,,,
1541121957.2285717,3.10852,11.1706,,,
1541121957.339609,3.10799,11.1724,,,
1541121957.4528525,3.10799,11.1724,,,
1541121957.5294845,3.10799,11.1724,,,
1541121957.6278355,3.10753,11.1724,,,
1541121957.736574,3.10753,11.174,,,
1541121957.8504875,3.10753,11.174,,,
1541121957.929622,3.10753,11.174,,,
1541121958.029481,3.10701,11.1757,0,0,0
1541121958.1294816,3.10701,11.1757,,,
1541121958.2384808,3.10701,11.1757,,,
1541121958.3294718,3.10655,11.1783,,,
1541121958.4294798,3.10655,11.1783,,,
1541121958.5296187,3.10655,11.1783,,,
1541121958.6655798,3.10602,11.1783,,,
1541121958.7329748,3.10602,11.1801,,,
1541121958.828971,3.10602,11.1801,,,
1541121958.9294798,3.10602,11.1801,,,
1541121959.0399902,3.10556,11.1819,0,0,0
1541121959.129849,3.10556,11.1819,,,
1541121959.2301054,3.10556,11.1819,,,
1541121959.3298125,3.10504,11.1834,,,
1541121959.4610574,3.10504,11.1834,,,
1541121959.551953,3.10504,11.1834,,,
1541121959.631106,3.10458,11.1834,,,
1541121959.7326949,3.10458,11.185,,,
1541121959.8364513,3.10458,11.185,,,
1541121959.9476936,3.10458,11.185,,,
1541121960.030846,3.10405,11.1868,0,0,0
1541121960.131619,3.10405,11.1868,,,
1541121960.2547913,3.10405,11.1868,,,
1541121960.338468,3.10359,11.1883,,,
1541121960.4329545,3.10359,11.1883,,,
1541121960.532001,3.10359,11.1883,,,
1541121960.6320703,3.10307,11.1883,,,
1541121960.7559276,3.10307,11.1901,,,
1541121960.8381062,3.10307,11.1901,,,
1541121960.9329627,3.10307,11.1901,,,
1541121961.0594938,3.10254,11.1919,0,0,0
1541121961.1468294,3.10254,11.1919,,,
1541121961.2348037,3.10254,11.1919,,,
1541121961.3346946,3.10208,11.1919,,,
1541121961.4346917,3.10208,11.1937,,,
1541121961.5404675,3.10208,11.1937,,,
1541121961.6516154,3.10156,11.1937,,,
1541121961.7354703,3.10156,11.1957,,,
1541121961.8558998,3.10156,11.1957,,,
1541121961.9397087,3.10156,11.1957,,,
1541121962.0450666,3.10103,11.198,0,0,0
1541121962.1368158,3.10103,11.198,,,
1541121962.2366045,3.10103,11.198,,,
1541121962.3366904,3.10057,11.198,,,
1541121962.4391847,3.10057,11.1996,,,
1541121962.5365555,3.10057,11.1996,,,
1541121962.652409,3.10004,11.1996,,,
1541121962.7439644,3.10004,11.2014,,,
1541121962.8500843,3.10004,11.2014,,,
1541121962.9368062,3.10004,11.2014,,,
1541121963.0358155,3.09952,11.2032,0,0,0
1541121963.1373188,3.09952,11.2032,,,
1541121963.2465549,3.09952,11.2032,,,
1541121963.3552985,3.09906,11.2032,,,
1541121963.448816,3.09906,11.2047,,,
1541121963.5460525,3.09906,11.2047,,,
1541121963.638455,3.09906,11.2047,,,
1541121963.7434466,3.09853,11.2065,,,
1541121963.8380709,3.09853,11.2065,,,
1541121963.93829,3.09853,11.2065,,,
1541121964.037062,3.09808,11.208,0,0,0
1541121964.159808,3.09808,11.208,,,
1541121964.2501683,3.09808,11.208,,,
1541121964.3505824,3.09755,11.208,,,
1541121964.4387143,3.09755,11.2098,,,
1541121964.5491862,3.09755,11.2098,,,
1541121964.6630473,3.09702,11.2098,,,
1541121964.7405555,3.09702,11.2124,,,
1541121964.8394268,3.09702,11.2124,,,
1541121964.9464304,3.09702,11.2124,,,
1541121965.0645325,3.09648,11.2144,0,0,0
1541121965.1573052,3.09648,11.2144,,,
1541121965.2394154,3.09648,11.2144,,,
1541121965.3398767,3.09604,11.2144,,,
1541121965.4479046,3.09604,11.216,,,
1541121965.539169,3.09604,11.216,,,
1541121965.6394122,3.09604,11.216,,,
1541121965.739417,3.0955,11.2178,,,
1541121965.8712535,3.0955,11.2178,,,
1541121965.9731789,3.0955,11.2178,0,0,0
1541121966.045713,3.09497,11.2196,,,
1541121966.1427388,3.09497,11.2196,,,
1541121966.2582297,3.09497,11.2196,,,
1541121966.3652222,3.09445,11.2196,,,
1541121966.4466007,3.09445,11.2211,,,
1541121966.546582,3.09445,11.2211,,,
1541121966.6481183,3.09445,11.2211,,,
1541121966.7538579,3.09399,11.2229,,,
1541121966.8472438,3.09399,11.2229,,,
1541121966.9481642,3.09399,11.2229,,,
1541121967.0478656,3.09346,11.2247,0,0,0
1541121967.1493227,3.09346,11.2247,,,
1541121967.2481773,3.09346,11.2247,,,
1541121967.3480165,3.09293,11.2247,,,
1541121967.4481564,3.09293,11.2267,,,
1541121967.5620995,3.09293,11.2267,,,
1541121967.6708996,3.09241,11.2267,,,
1541121967.7527795,3.09241,11.229,,,
1541121967.8523238,3.09241,11.229,,,
1541121967.9527133,3.09241,11.229,,,
1541121968.0601351,3.09195,11.2309,0,0,0
1541121968.1528182,3.09195,11.2309,,,
1541121968.2530289,3.09195,11.2309,,,
1541121968.3527184,3.09142,11.2309,,,
1541121968.4550493,3.09142,11.2327,,,
1541121968.552822,3.09142,11.2327,,,
1541121968.6528206,3.09142,11.2327,,,
1541121968.7528708,3.09088,11.2344,,,
1541121968.8680632,3.09088,11.2344,,,
1541121968.9754744,3.09088,11.2344,0,0,0
1541121969.0581145,3.09036,11.2362,,,
1541121969.1587691,3.09036,11.2362,,,
1541121969.259138,3.09036,11.2362,,,
1541121969.3646467,3.08983,11.2362,,,
1541121969.4593632,3.08983,11.238,,,
1541121969.5588613,3.08983,11.238,,,
1541121969.659282,3.08983,11.238,,,
1541121969.7788408,3.08929,11.2398,,,
1541121969.8623583,3.08929,11.2398,,,
1541121969.965902,3.08929,11.2398,,,
1541121970.0593557,3.08885,11.2419,0,0,0
1541121970.1675138,3.08885,11.2419,,,
1541121970.2760925,3.08885,11.2419,,,
1541121970.3593702,3.08832,11.2419,,,
1541121970.4594855,3.08832,11.2442,,,
1541121970.5598786,3.08832,11.2442,,,
1541121970.6649861,3.08832,11.2442,,,
1541121970.759829,3.08778,11.246,,,
1541121970.8603387,3.08778,11.246,,,
1541121970.9889235,3.08778,11.246,,,
1541121971.081888,3.08725,11.2478,0,0,0
1541121971.1645555,3.08725,11.2478,,,
1541121971.2619555,3.08725,11.2478,,,
1541121971.362347,3.08673,11.2478,,,
1541121971.472797,3.08673,11.2496,,,
1541121971.5599039,3.08673,11.2496,,,
1541121971.661138,3.08673,11.2496,,,
1541121971.7846339,3.0862,11.2514,,,
1541121971.8725324,3.0862,11.2514,,,
1541121971.977255,3.0862,11.2514,0,0,0
1541121972.061163,3.08566,11.2531,,,
1541121972.1608803,3.08566,11.2531,,,
1541121972.261414,3.08566,11.2531,,,
1541121972.3705046,3.08522,11.2531,,,
1541121972.4615488,3.08522,11.2552,,,
1541121972.58012,3.08522,11.2552,,,
1541121972.6691372,3.08522,11.2552,,,
1541121972.7854059,3.08469,11.2575,,,
1541121972.8701367,3.08469,11.2575,,,
1541121972.9657927,3.08469,11.2575,0,0,0
1541121973.0647688,3.08415,11.2593,,,
1541121973.176881,3.08415,11.2593,,,
1541121973.2883737,3.08415,11.2593,,,
1541121973.3838634,3.08362,11.2593,,,
1541121973.476016,3.08362,11.2611,,,
1541121973.5707772,3.08362,11.2611,,,
1541121973.6840127,3.08362,11.2611,,,
1541121973.7688859,3.0831,11.2629,,,
1541121973.8688815,3.0831,11.2629,,,
1541121973.9695115,3.0831,11.2629,0,0,0
1541121974.0746262,3.08257,11.2647,,,
1541121974.1813629,3.08257,11.2647,,,
1541121974.277751,3.08257,11.2647,,,
1541121974.369861,3.08203,11.2647,,,
1541121974.488267,3.08203,11.2665,,,
1541121974.5686371,3.08203,11.2665,,,
1541121974.669374,3.08203,11.2665,,,
1541121974.7693803,3.08151,11.2685,,,
1541121974.87637,3.08151,11.2685,,,
1541121974.9959953,3.08151,11.2685,0,0,0
1541121975.101608,3.08098,11.2711,,,
1541121975.1872706,3.08098,11.2711,,,
1541121975.274766,3.08098,11.2711,,,
1541121975.380771,3.08044,11.2711,,,
1541121975.4765084,3.08044,11.2729,,,
1541121975.575996,3.08044,11.2729,,,
1541121975.6752641,3.08044,11.2729,,,
1541121975.7915447,3.07993,11.2747,,,
1541121975.907859,3.07993,11.2747,,,
1541121975.998516,3.07993,11.2747,0,0,0
1541121976.0795124,3.07939,11.2765,,,
1541121976.1825259,3.07939,11.2765,,,
1541121976.294985,3.07939,11.2765,,,
1541121976.3786204,3.07886,11.2765,,,
1541121976.4786153,3.07886,11.2783,,,
1541121976.5787542,3.07886,11.2783,,,
1541121976.6855981,3.07886,11.2783,,,
1541121976.7780173,3.07832,11.2801,,,
1541121976.8793697,3.07832,11.2801,,,
1541121976.9787638,3.07832,11.2801,0,0,0
1541121977.1012657,3.0778,11.2821,,,
1541121977.1848705,3.0778,11.2821,,,
1541121977.2796385,3.0778,11.2821,,,
1541121977.3795228,3.07719,11.2821,,,
1541121977.5060084,3.07719,11.2847,,,
1541121977.603201,3.07719,11.2847,,,
1541121977.6858976,3.07719,11.2847,,,
1541121977.7867694,3.07666,11.2867,,,
1541121977.8881812,3.07666,11.2867,,,
1541121977.9947367,3.07666,11.2867,0,0,0
1541121978.086251,3.07614,11.2885,,,
1541121978.1865041,3.07614,11.2885,,,
1541121978.3052552,3.07614,11.2885,,,
1541121978.4079962,3.07561,11.2885,,,
1541121978.4885144,3.07561,11.2903,,,
1541121978.5868711,3.07561,11.2903,,,
1541121978.686622,3.07561,11.2903,,,
1541121978.7975528,3.07507,11.2921,,,
1541121978.9101183,3.07507,11.2921,,,
1541121978.992979,3.07507,11.2921,0,0,0
1541121979.1139824,3.07454,11.2921,,,
1541121979.1949716,3.07454,11.2939,,,
1541121979.304739,3.07454,11.2939,,,
1541121979.3881798,3.07402,11.2939,,,
1541121979.4882424,3.07402,11.296,,,
1541121979.5869954,3.07402,11.296,,,
1541121979.6953566,3.07402,11.296,,,
1541121979.787126,3.07349,11.2977,,,
1541121979.9116864,3.07349,11.2977,,,
1541121979.9900024,3.07349,11.2977,0,0,0
1541121980.0904903,3.07288,11.2977,,,
1541121980.187238,3.07288,11.3006,,,
1541121980.2885053,3.07288,11.3006,,,
1541121980.387254,3.07288,11.3006,,,
1541121980.501704,3.07236,11.3024,,,
1541121980.587726,3.07236,11.3024,,,
1541121980.7115726,3.07236,11.3024,,,
1541121980.7892249,3.07182,11.3044,,,
1541121980.9022524,3.07182,11.3044,,,
1541121981.013498,3.07182,11.3044,0,0,0
1541121981.0952036,3.07121,11.3044,,,
1541121981.1924598,3.07121,11.3062,,,
1541121981.2964876,3.07121,11.3062,,,
1541121981.4059756,3.07069,11.3062,,,
1541121981.5125575,3.07069,11.308,,,
1541121981.5914814,3.07069,11.308,,,
1541121981.6894877,3.07069,11.308,,,
1541121981.796211,3.07016,11.3098,,,
1541121981.8896105,3.07016,11.3098,,,
1541121981.990609,3.07016,11.3098,0,0,0
1541121982.0908685,3.06963,11.3098,,,
1541121982.2106295,3.06963,11.3118,,,
1541121982.330969,3.06963,11.3118,,,
1541121982.3943756,3.06963,11.3118,,,
1541121982.4907439,3.06903,11.3147,,,
1541121982.601114,3.06903,11.3147,,,
1541121982.6924505,3.06903,11.3147,,,
1541121982.792727,3.0685,11.3167,,,
1541121982.8927062,3.0685,11.3167,,,
1541121983.001501,3.0685,11.3167,0,0,0
1541121983.1212137,3.06796,11.3167,,,
1541121983.1993573,3.06796,11.3185,,,
1541121983.291569,3.06796,11.3185,,,
1541121983.3972058,3.06796,11.3185,,,
1541121983.5090792,3.06735,11.3203,,,
1541121983.593201,3.06735,11.3203,,,
1541121983.6934955,3.06735,11.3203,,,
1541121983.793611,3.06683,11.3224,,,
1541121983.9141955,3.06683,11.3224,,,
1541121984.005216,3.06683,11.3224,0,0,0
1541121984.0943773,3.06622,11.3224,,,
1541121984.194469,3.06622,11.3247,,,
1541121984.3131196,3.06622,11.3247,,,
1541121984.3948393,3.06622,11.3247,,,
1541121984.493837,3.06569,11.3272,,,
1541121984.595213,3.06569,11.3272,,,
1541121984.7172756,3.06569,11.3272,,,
1541121984.8084743,3.06509,11.329,,,
1541121984.8965244,3.06509,11.329,,,
1541121984.9960792,3.06509,11.329,0,0,0
1541121985.0979514,3.06456,11.329,,,
1541121985.2042172,3.06456,11.3308,,,
1541121985.296862,3.06456,11.3308,,,
1541121985.3966963,3.06456,11.3308,,,
1541121985.5011528,3.06403,11.3329,,,
1541121985.6079688,3.06403,11.3329,,,
1541121985.6970859,3.06403,11.3329,,,
1541121985.7969842,3.06343,11.3354,,,
1541121985.8969584,3.06343,11.3354,,,
1541121986.0122037,3.06343,11.3354,0,0,0
1541121986.1201925,3.0629,11.3354,,,
1541121986.19929,3.0629,11.3377,,,
1541121986.3026807,3.0629,11.3377,,,
1541121986.4159245,3.0629,11.3377,,,
1541121986.5147228,3.06229,11.3395,,,
1541121986.5983684,3.06229,11.3395,,,
1541121986.697326,3.06229,11.3395,,,
1541121986.7983541,3.06177,11.3416,,,
1541121986.9063377,3.06177,11.3416,,,
1541121986.9987473,3.06177,11.3416,0,0,0
1541121987.0988104,3.06116,11.3416,,,
1541121987.2182043,3.06116,11.3434,,,
1541121987.3005743,3.06116,11.3434,,,
1541121987.405192,3.06116,11.3434,,,
1541121987.4989476,3.06062,11.3457,,,
1541121987.5984669,3.06062,11.3457,,,
1541121987.7124846,3.06062,11.3457,,,
1541121987.7997231,3.06001,11.3482,,,
1541121987.8995626,3.06001,11.3482,,,
1541121988.0245647,3.06001,11.3482,0,0,0
1541121988.1288197,3.05942,11.3482,,,
1541121988.2189324,3.05942,11.3503,,,
1541121988.2986848,3.05942,11.3503,,,
1541121988.3993275,3.05942,11.3503,,,
1541121988.5016797,3.05888,11.3523,,,
1541121988.6093204,3.05888,11.3523,,,
1541121988.699173,3.05888,11.3523,,,
1541121988.799473,3.05827,11.3523,,,
1541121988.9226527,3.05827,11.3541,,,
1541121989.021071,3.05827,11.3541,0,0,0
1541121989.1053102,3.05775,11.3541,,,
1541121989.2006826,3.05775,11.3562,,,
1541121989.3015542,3.05775,11.3562,,,
1541121989.4117112,3.05775,11.3562,,,
1541121989.5016787,3.05714,11.358,,,
1541121989.6006868,3.05714,11.358,,,
1541121989.7240143,3.05714,11.358,,,
1541121989.8083446,3.05661,11.36,,,
1541121989.9185839,3.05661,11.36,,,
1541121990.0009205,3.05661,11.36,0,0,0
1541121990.1014636,3.05661,11.36,,,
1541121990.201965,3.05602,11.3629,,,
1541121990.3111854,3.05602,11.3629,,,
1541121990.4016626,3.05602,11.3629,,,
1541121990.5257647,3.0554,11.3649,,,
1541121990.6035385,3.0554,11.3649,,,
1541121990.7226617,3.0554,11.3649,,,
1541121990.80479,3.05479,11.3649,,,
1541121990.9034204,3.05479,11.367,,,
1541121991.004296,3.05479,11.367,0,0,0
1541121991.1115508,3.05428,11.367,,,
1541121991.221784,3.05428,11.369,,,
1541121991.326792,3.05428,11.369,,,
1541121991.4090416,3.05428,11.369,,,
1541121991.5045412,3.05367,11.3713,,,
1541121991.6104538,3.05367,11.3713,,,
1541121991.704918,3.05367,11.3713,,,
1541121991.80643,3.05305,11.3713,,,
1541121991.9064252,3.05305,11.3739,,,
1541121992.0269265,3.05305,11.3739,0,0,0
1541121992.142902,3.05246,11.3739,,,
1541121992.2110581,3.05246,11.3759,,,
1541121992.3045533,3.05246,11.3759,,,
1541121992.417324,3.05246,11.3759,,,
1541121992.5066838,3.05193,11.378,,,
1541121992.6066692,3.05193,11.378,,,
1541121992.7065513,3.05193,11.378,,,
1541121992.811578,3.05132,11.378,,,
1541121992.9312296,3.05132,11.38,,,
1541121993.0163212,3.05132,11.38,0,0,0
1541121993.106551,3.05132,11.38,,,
1541121993.2084577,3.05072,11.3828,,,
1541121993.316198,3.05072,11.3828,,,
1541121993.4076443,3.05072,11.3828,,,
1541121993.5076916,3.05011,11.3849,,,
1541121993.6079001,3.05011,11.3849,,,
1541121993.7211478,3.05011,11.3849,,,
1541121993.8392885,3.0495,11.3849,,,
1541121993.910404,3.0495,11.3869,,,
1541121994.0070312,3.0495,11.3869,0,0,0
1541121994.1234758,3.0495,11.3869,,,
1541121994.2072954,3.0489,11.389,,,
1541121994.3084104,3.0489,11.389,,,
1541121994.4085646,3.0489,11.389,,,
1541121994.5287316,3.04837,11.3911,,,
1541121994.6243036,3.04837,11.3911,,,
1541121994.7094216,3.04837,11.3911,,,
1541121994.809283,3.04776,11.3911,,,
1541121994.908392,3.04776,11.3936,,,
1541121995.0161831,3.04776,11.3936,0,0,0
1541121995.1084423,3.04776,11.3936,,,
1541121995.208392,3.04716,11.3962,,,
1541121995.3125966,3.04716,11.3962,,,
1541121995.4526095,3.04716,11.3962,,,
1541121995.5420575,3.04655,11.3982,,,
1541121995.6118958,3.04655,11.3982,,,
1541121995.7094305,3.04655,11.3982,,,
1541121995.8234122,3.04594,11.3982,,,
1541121995.9094186,3.04594,11.4,,,
1541121996.0097625,3.04594,11.4,0,0,0
1541121996.1103044,3.04594,11.4,,,
1541121996.219756,3.04535,11.4021,,,
1541121996.33044,3.04535,11.4021,,,
1541121996.4104195,3.04535,11.4021,,,
1541121996.5107563,3.04474,11.4044,,,
1541121996.6111372,3.04474,11.4044,,,
1541121996.7162848,3.04474,11.4044,,,
1541121996.81249,3.04413,11.4044,,,
1541121996.9108808,3.04413,11.4072,,,
1541121997.0114307,3.04413,11.4072,0,0,0
1541121997.1486497,3.04413,11.4072,,,
1541121997.2431421,3.04353,11.4095,,,
1541121997.3155508,3.04353,11.4095,,,
1541121997.4112797,3.04353,11.4095,,,
1541121997.51931,3.04292,11.4115,,,
1541121997.62927,3.04292,11.4115,,,
1541121997.7121065,3.04292,11.4115,,,
1541121997.8122494,3.04231,11.4115,,,
1541121997.9123902,3.04231,11.4141,,,
1541121998.0355992,3.04231,11.4141,0,0,0
1541121998.1153743,3.04231,11.4141,,,
1541121998.2137566,3.04164,11.4167,,,
1541121998.314033,3.04164,11.4167,,,
1541121998.4167905,3.04164,11.4167,,,
1541121998.5147583,3.04103,11.4167,,,
1541121998.6145437,3.04103,11.4187,,,
1541121998.714676,3.04103,11.4187,,,
1541121998.8478284,3.04042,11.4187,,,
1541121998.9165144,3.04042,11.4208,,,
1541121999.0147843,3.04042,11.4208,0,0,0
1541121999.1151721,3.04042,11.4208,,,
1541121999.22164,3.03983,11.4228,,,
1541121999.3328736,3.03983,11.4228,,,
1541121999.4163957,3.03983,11.4228,,,
1541121999.5161414,3.03922,11.4228,,,
1541121999.6381884,3.03922,11.4256,,,
1541121999.7224143,3.03922,11.4256,,,
1541121999.8164992,3.03922,11.4256,,,
1541121999.9162538,3.0386,11.4282,,,
1541122000.0176668,3.0386,11.4282,0,0,0
1541122000.1382847,3.0386,11.4282,,,
1541122000.2190185,3.03801,11.4303,,,
1541122000.3171082,3.03801,11.4303,,,
1541122000.4389775,3.03801,11.4303,,,
1541122000.528136,3.03732,11.4323,,,
1541122000.6177604,3.03732,11.4323,,,
1541122000.716375,3.03732,11.4323,,,
1541122000.8165092,3.03732,11.4323,,,
1541122000.921681,3.03679,11.4344,,,
1541122001.03553,3.03679,11.4344,0,0,0
1541122001.118125,3.03679,11.4344,,,
1541122001.236565,3.03612,11.4369,,,
1541122001.3223786,3.03612,11.4369,,,
1541122001.4272642,3.03612,11.4369,,,
1541122001.5194733,3.03551,11.4369,,,
1541122001.6184967,3.03551,11.4397,,,
1541122001.7177556,3.03551,11.4397,,,
1541122001.8229146,3.03551,11.4397,,,
1541122001.919003,3.0349,11.4418,,,
1541122002.033255,3.0349,11.4418,0,0,0
1541122002.127135,3.0349,11.4418,,,
1541122002.2361248,3.03423,11.4444,,,
1541122002.3186102,3.03423,11.4444,,,
1541122002.4193864,3.03423,11.4444,,,
1541122002.518487,3.03362,11.4444,,,
1541122002.6286042,3.03362,11.4472,,,
1541122002.7368798,3.03362,11.4472,,,
1541122002.8318412,3.03362,11.4472,,,
1541122002.9282224,3.03293,11.4492,,,
1541122003.020422,3.03293,11.4492,0,0,0
1541122003.1262517,3.03293,11.4492,,,
1541122003.2192655,3.03233,11.4513,,,
1541122003.3206537,3.03233,11.4513,,,
1541122003.4202726,3.03233,11.4513,,,
1541122003.5427496,3.03172,11.4536,,,
1541122003.6332161,3.03172,11.4536,,,
1541122003.7342515,3.03172,11.4536,,,
1541122003.8211045,3.03172,11.4536,,,
1541122003.9324133,3.03104,11.4564,,,
1541122004.044896,3.03104,11.4564,0,0,0
1541122004.1242468,3.03104,11.4564,,,
1541122004.2216334,3.03044,11.4587,,,
1541122004.328122,3.03044,11.4587,,,
1541122004.4482915,3.03044,11.4587,,,
1541122004.5397549,3.02975,11.4587,,,
1541122004.6231205,3.02975,11.461,,,
1541122004.7247334,3.02975,11.461,,,
1541122004.8329015,3.02975,11.461,,,
1541122004.9236104,3.02914,11.4631,,,
1541122005.023502,3.02914,11.4631,0,0,0
1541122005.1240046,3.02914,11.4631,,,
1541122005.2510118,3.02855,11.4659,,,
1541122005.353125,3.02855,11.4659,,,
1541122005.4277709,3.02855,11.4659,,,
1541122005.5247543,3.02786,11.4659,,,
1541122005.6323762,3.02786,11.4687,,,
1541122005.742489,3.02786,11.4687,,,
1541122005.8247404,3.02786,11.4687,,,
1541122005.9246473,3.02727,11.4708,,,
1541122006.0254056,3.02727,11.4708,0,0,0
1541122006.1451068,3.02727,11.4708,,,
1541122006.2253687,3.02658,11.4736,,,
1541122006.325614,3.02658,11.4736,,,
1541122006.4252543,3.02658,11.4736,,,
1541122006.551853,3.02589,11.4736,,,
1541122006.6310244,3.02589,11.4762,,,
1541122006.7270236,3.02589,11.4762,,,
1541122006.8267262,3.02589,11.4762,,,
1541122006.9557462,3.0253,11.4785,,,
1541122007.046763,3.0253,11.4785,0,0,0
1541122007.1271057,3.0253,11.4785,,,
1541122007.227775,3.02461,11.4785,,,
1541122007.3284917,3.02461,11.4805,,,
1541122007.436101,3.02461,11.4805,,,
1541122007.5280993,3.02393,11.4805,,,
1541122007.6279702,3.02393,11.4828,,,
1541122007.7514322,3.02393,11.4828,,,
1541122007.8487067,3.02393,11.4828,,,
1541122007.930123,3.02333,11.4851,,,
1541122008.028465,3.02333,11.4851,0,0,0
1541122008.1286027,3.02333,11.4851,,,
1541122008.2386343,3.02264,11.4882,,,
1541122008.353089,3.02264,11.4882,,,
1541122008.429752,3.02264,11.4882,,,
1541122008.5525658,3.02196,11.4882,,,
1541122008.6328404,3.02196,11.4905,,,
1541122008.7464995,3.02196,11.4905,,,
1541122008.8286116,3.02196,11.4905,,,
1541122008.9287183,3.02136,11.4931,,,
1541122009.0298765,3.02136,11.4931,0,0,0
1541122009.1379972,3.02136,11.4931,,,
1541122009.2300973,3.02068,11.4931,,,
1541122009.354467,3.02068,11.4959,,,
1541122009.432003,3.02068,11.4959,,,
1541122009.5333872,3.02,11.4959,,,
1541122009.6293466,3.02,11.4982,,,
1541122009.729741,3.02,11.4982,,,
1541122009.8295794,3.02,11.4982,,,
1541122009.946366,3.01932,11.5005,,,
1541122010.0542276,3.01932,11.5005,0,0,0
1541122010.1570513,3.01932,11.5005,,,
1541122010.2353284,3.01863,11.5005,,,
1541122010.3338382,3.01863,11.5036,,,
1541122010.4424734,3.01863,11.5036,,,
1541122010.533088,3.01863,11.5036,,,
1541122010.6313524,3.01796,11.5061,,,
1541122010.7316253,3.01796,11.5061,,,
1541122010.8533316,3.01796,11.5061,,,
1541122010.9702032,3.01735,11.5082,,,
1541122011.043481,3.01735,11.5082,0,0,0
1541122011.132491,3.01735,11.5082,,,
1541122011.2445977,3.01666,11.5082,,,
1541122011.3338428,3.01666,11.5105,,,
1541122011.4333398,3.01666,11.5105,,,
1541122011.5327015,3.01666,11.5105,,,
1541122011.6413605,3.01599,11.5136,,,
1541122011.7652884,3.01599,11.5136,,,
1541122011.8460026,3.01599,11.5136,,,
1541122011.9363866,3.0153,11.5161,,,
1541122012.0406241,3.0153,11.5161,0,0,0
1541122012.1527362,3.0153,11.5161,,,
1541122012.2366765,3.01462,11.5161,,,
1541122012.3365452,3.01462,11.5184,,,
1541122012.4366565,3.01462,11.5184,,,
1541122012.5582676,3.01462,11.5184,,,
1541122012.6472836,3.01395,11.5218,,,
1541122012.7367034,3.01395,11.5218,,,
1541122012.8370407,3.01395,11.5218,,,
1541122012.9546738,3.01326,11.5241,,,
1541122013.0382783,3.01326,11.5241,0,0,0
1541122013.1379576,3.01326,11.5241,,,
1541122013.2377653,3.01259,11.5241,,,
1541122013.36157,3.01259,11.5264,,,
1541122013.4514205,3.01259,11.5264,,,
1541122013.5385203,3.01259,11.5264,,,
1541122013.6388507,3.0119,11.5287,,,
1541122013.7401562,3.0119,11.5287,,,
1541122013.8487315,3.0119,11.5287,,,
1541122013.9405036,3.01122,11.5315,,,
1541122014.0425591,3.01122,11.5315,0,0,0
1541122014.143672,3.01122,11.5315,,,
1541122014.243371,3.01047,11.5315,,,
1541122014.3392172,3.01047,11.5346,,,
1541122014.4415667,3.01047,11.5346,,,
1541122014.5415795,3.01047,11.5346,,,
1541122014.6568105,3.00986,11.5369,,,
1541122014.743219,3.00986,11.5369,,,
1541122014.8501601,3.00986,11.5369,,,
1541122014.967775,3.00911,11.54,,,
1541122015.0581431,3.00911,11.54,0,0,0
1541122015.157027,3.00911,11.54,,,
1541122015.2416608,3.00842,11.54,,,
1541122015.3408787,3.00842,11.5425,,,
1541122015.4412854,3.00842,11.5425,,,
1541122015.5490165,3.00842,11.5425,,,
1541122015.6413743,3.00774,11.5448,,,
1541122015.7459009,3.00774,11.5448,,,
1541122015.8580177,3.00774,11.5448,,,
1541122015.9428675,3.00706,11.5471,,,
1541122016.1145098,3.00706,11.5471,,,
1541122016.263435,2.94774,11.5471,,,
1541122016.409713,2.94774,14.5891,,,
1541122016.5618885,2.94774,14.5891,,,
1541122016.7341416,2.92474,15.2927,,,
1541122016.8835585,2.92474,15.2927,,,
1541122017.0303364,2.9205,15.3147,,,
1541122017.1784391,2.9205,15.3147,,,
1541122017.326285,2.91702,15.3329,,,
1541122017.4821248,2.91702,15.3329,,,
1541122017.5780776,2.91702,15.3329,0,0,0
1541122017.6560225,2.92686,14.5168,0,0,0
1541122017.763178,2.92686,14.5168,,,
1541122017.854449,2.92686,14.5168,,,
1541122017.9550576,2.99011,11.6125,,,
1541122018.0558937,2.99011,11.6125,0,0,0
1541122018.17379,2.99011,11.6125,,,
1541122018.2565513,2.99178,11.6125,,,
1541122018.376981,2.99178,11.6058,,,
1541122018.4560401,2.99178,11.6058,,,
1541122018.5655496,2.99178,11.6058,,,
1541122018.6724222,2.99246,11.6035,,,
1541122018.7563975,2.99246,11.6035,,,
1541122018.8563287,2.99246,11.6035,,,
1541122018.956434,2.99277,11.6028,,,
1541122019.064066,2.99277,11.6028,0,0,0
1541122019.1785212,2.99277,11.6028,,,
1541122019.2563262,2.99277,11.6028,,,
1541122019.357329,2.99277,11.6028,,,
1541122019.4755604,2.99277,11.6028,,,
1541122019.556429,2.99277,11.6028,,,
1541122019.6558998,2.99261,11.6033,,,
1541122019.7576582,2.99261,11.6033,,,
1541122019.8661742,2.99261,11.6033,,,
1541122019.9793153,2.99239,11.604,0,0,0
1541122020.0575876,2.99239,11.604,,,
1541122020.1569057,2.99239,11.604,,,
1541122020.2569137,2.99208,11.604,,,
1541122020.3643122,2.99208,11.6051,,,
1541122020.4584084,2.99208,11.6051,,,
1541122020.5573184,2.99208,11.6051,,,
1541122020.6573265,2.99162,11.6069,,,
1541122020.794486,2.99162,11.6069,,,
1541122020.8585434,2.99162,11.6069,,,
1541122020.9590483,2.99117,11.6069,,,
1541122021.0590272,2.99117,11.6092,0,0,0
1541122021.1693048,2.99117,11.6092,,,
1541122021.284417,2.99072,11.6092,,,
1541122021.3622885,2.99072,11.6107,,,
1541122021.4594314,2.99072,11.6107,,,
1541122021.5831056,2.99072,11.6107,,,
1541122021.672152,2.99019,11.6133,,,
1541122021.759057,2.99019,11.6133,,,
1541122021.860513,2.99019,11.6133,,,
1541122021.9641778,2.98965,11.6133,,,
1541122022.068791,2.98965,11.6153,0,0,0
1541122022.1601887,2.98965,11.6153,,,
1541122022.2601852,2.98965,11.6153,,,
1541122022.3798907,2.98906,11.6174,,,
1541122022.4862869,2.98906,11.6174,,,
1541122022.568094,2.98906,11.6174,,,
1541122022.662408,2.98853,11.6192,,,
1541122022.7611845,2.98853,11.6192,,,
1541122022.876302,2.98853,11.6192,,,
1541122022.9624052,2.98792,11.6192,0,0,0
1541122023.0614367,2.98792,11.6212,,,
1541122023.1766367,2.98792,11.6212,,,
1541122023.2728944,2.98732,11.6212,,,
1541122023.3792624,2.98732,11.6243,,,
1541122023.4632876,2.98732,11.6243,,,
1541122023.5631738,2.98732,11.6243,,,
1541122023.6623116,2.98671,11.6263,,,
1541122023.7678905,2.98671,11.6263,,,
1541122023.863405,2.98671,11.6263,,,
1541122023.969289,2.98602,11.6263,,,
1541122024.0733812,2.98602,11.6292,0,0,0
1541122024.1867588,2.98602,11.6292,,,
1541122024.2670295,2.98602,11.6292,,,
1541122024.3642879,2.98543,11.632,,,
1541122024.4645505,2.98543,11.632,,,
1541122024.5745447,2.98543,11.632,,,
1541122024.664675,2.98474,11.6343,,,
1541122024.7692258,2.98474,11.6343,,,
1541122024.8867135,2.98474,11.6343,,,
1541122024.9832854,2.98405,11.6343,0,0,0
1541122025.0882814,2.98405,11.6363,,,
1541122025.1661477,2.98405,11.6363,,,
1541122025.2655368,2.98405,11.6363,,,
1541122025.369393,2.98338,11.6392,,,
1541122025.4820526,2.98338,11.6392,,,
1541122025.566536,2.98338,11.6392,,,
1541122025.6662898,2.9827,11.6422,,,
1541122025.7894084,2.9827,11.6422,,,
1541122025.886248,2.9827,11.6422,,,
1541122025.967282,2.98195,11.6422,0,0,0
1541122026.067791,2.98195,11.6453,,,
1541122026.1662855,2.98195,11.6453,,,
1541122026.289752,2.98126,11.6453,,,
1541122026.3733923,2.98126,11.6479,,,
1541122026.4680579,2.98126,11.6479,,,
1541122026.5682507,2.98126,11.6479,,,
1541122026.7001498,2.98058,11.6504,,,
1541122026.7893808,2.98058,11.6504,,,
1541122026.8687708,2.98058,11.6504,,,
1541122026.969124,2.97983,11.6504,0,0,0
1541122027.073157,2.97983,11.6527,,,
1541122027.1763895,2.97983,11.6527,,,
1541122027.269098,2.97983,11.6527,,,
1541122027.3689654,2.97906,11.6561,,,
1541122027.4693666,2.97906,11.6561,,,
1541122027.610471,2.97906,11.6561,,,
1541122027.7033901,2.97838,11.6589,,,
1541122027.7703757,2.97838,11.6589,,,
1541122027.8693528,2.97838,11.6589,,,
1541122027.9862735,2.97763,11.6589,0,0,0
1541122028.0691197,2.97763,11.6622,,,
1541122028.1688516,2.97763,11.6622,,,
1541122028.269126,2.97763,11.6622,,,
1541122028.3791306,2.97687,11.6648,,,
1541122028.4957707,2.97687,11.6648,,,
1541122028.5740168,2.97687,11.6648,,,
1541122028.6742506,2.97612,11.6674,,,
1541122028.7761397,2.97612,11.6674,,,
1541122028.8836296,2.97612,11.6674,,,
1541122028.976242,2.97536,11.6674,0,0,0
1541122029.0762422,2.97536,11.6709,,,
1541122029.1762545,2.97536,11.6709,,,
1541122029.2986302,2.97536,11.6709,,,
1541122029.3832476,2.97461,11.6738,,,
1541122029.4769897,2.97461,11.6738,,,
1541122029.5773816,2.97461,11.6738,,,
1541122029.6902566,2.97385,11.6771,,,
1541122029.7786543,2.97385,11.6771,,,
1541122029.8792832,2.97385,11.6771,,,
1541122029.979137,2.97308,11.6771,0,0,0
1541122030.103962,2.97308,11.6797,,,
1541122030.1936266,2.97308,11.6797,,,
1541122030.2826188,2.97308,11.6797,,,
1541122030.3828588,2.97234,11.6822,,,
1541122030.482857,2.97234,11.6822,,,
1541122030.606003,2.97234,11.6822,,,
1541122030.688059,2.97157,11.6858,,,
1541122030.786016,2.97157,11.6858,,,
1541122030.9085724,2.97157,11.6858,,,
1541122030.995982,2.97075,11.6858,0,0,0
1541122031.106114,2.97075,11.6886,,,
1541122031.188859,2.97075,11.6886,,,
1541122031.2889807,2.97075,11.6886,,,
1541122031.3889747,2.96999,11.692,,,
1541122031.5003555,2.96999,11.692,,,
1541122031.5891018,2.96999,11.692,,,
1541122031.7115638,2.96924,11.695,,,
1541122031.7909024,2.96924,11.695,,,
1541122031.9113755,2.96924,11.695,,,
1541122031.9936135,2.9684,11.695,0,0,0
1541122032.0923622,2.9684,11.6979,,,
1541122032.1925087,2.9684,11.6979,,,
1541122032.2992177,2.9684,11.6979,,,
1541122032.4093854,2.96764,11.7014,,,
1541122032.516431,2.96764,11.7014,,,
1541122032.5986216,2.96764,11.7014,,,
1541122032.6977496,2.96681,11.704,,,
1541122032.8191178,2.96681,11.704,,,
1541122032.9029837,2.96681,11.704,,,
1541122033.0014837,2.96597,11.704,0,0,0
1541122033.0991206,2.96597,11.7076,,,
1541122033.2112598,2.96597,11.7076,,,
1541122033.3324356,2.96515,11.7076,,,
1541122033.4012313,2.96515,11.7107,,,
1541122033.4993706,2.96515,11.7107,,,
1541122033.6063693,2.96515,11.7107,,,
1541122033.7159743,2.96439,11.7143,,,
1541122033.8002105,2.96439,11.7143,,,
1541122033.8990939,2.96439,11.7143,,,
1541122033.9988692,2.96356,11.7143,0,0,0
1541122034.1201096,2.96356,11.7171,,,
1541122034.2044823,2.96356,11.7171,,,
1541122034.3002262,2.96356,11.7171,,,
1541122034.3998497,2.96272,11.7202,,,
1541122034.5207467,2.96272,11.7202,,,
1541122034.6051807,2.96272,11.7202,,,
1541122034.7028532,2.9619,11.7237,,,
1541122034.8020065,2.9619,11.7237,,,
1541122034.9341784,2.9619,11.7237,,,
1541122035.0185485,2.96106,11.7237,0,0,0
1541122035.1044235,2.96106,11.7273,,,
1541122035.2043595,2.96106,11.7273,,,
1541122035.304423,2.96106,11.7273,,,
1541122035.4089658,2.96022,11.7304,,,
1541122035.5044222,2.96022,11.7304,,,
1541122035.6045508,2.96022,11.7304,,,
1541122035.7046018,2.9594,11.7332,,,
1541122035.8282924,2.9594,11.7332,,,
1541122035.907611,2.9594,11.7332,,,
1541122036.0027275,2.95856,11.7332,0,0,0
1541122036.102104,2.95856,11.7368,,,
1541122036.2188466,2.95856,11.7368,,,
1541122036.304352,2.95856,11.7368,,,
1541122036.4148352,2.95773,11.7404,,,
1541122036.5130932,2.95773,11.7404,,,
1541122036.6123443,2.95773,11.7404,,,
1541122036.7222238,2.95689,11.7404,,,
1541122036.8049204,2.95689,11.744,,,
1541122036.9044797,2.95689,11.744,,,
1541122037.0033455,2.95607,11.744,0,0,0
1541122037.1091008,2.95607,11.7468,,,
1541122037.2093675,2.95607,11.7468,,,
1541122037.3160977,2.95607,11.7468,,,
1541122037.4047265,2.95515,11.7507,,,
1541122037.5267382,2.95515,11.7507,,,
1541122037.609449,2.95515,11.7507,,,
1541122037.7068522,2.95433,11.7507,,,
1541122037.8068492,2.95433,11.754,,,
1541122037.9168267,2.95433,11.754,,,
1541122038.0367093,2.95349,11.754,0,0,0
1541122038.132134,2.95349,11.7573,,,
1541122038.2260897,2.95349,11.7573,,,
1541122038.3099434,2.95349,11.7573,,,
1541122038.4239619,2.95259,11.7604,,,
1541122038.5064628,2.95259,11.7604,,,
1541122038.6067088,2.95259,11.7604,,,
1541122038.7069497,2.95175,11.7604,,,
1541122038.815981,2.95175,11.7642,,,
1541122038.9059598,2.95175,11.7642,,,
1541122039.0275593,2.95093,11.7642,0,0,0
1541122039.106092,2.95093,11.7671,,,
1541122039.2087247,2.95093,11.7671,,,
1541122039.3139634,2.95093,11.7671,,,
1541122039.4092164,2.95001,11.7709,,,
1541122039.5088303,2.95001,11.7709,,,
1541122039.623949,2.95001,11.7709,,,
1541122039.7379665,2.94919,11.7709,,,
1541122039.8330843,2.94919,11.7742,,,
1541122039.9100935,2.94919,11.7742,,,
1541122040.0170002,2.94919,11.7742,0,0,0
1541122040.1265523,2.94827,11.7781,,,
1541122040.210212,2.94827,11.7781,,,
1541122040.3124938,2.94827,11.7781,,,
1541122040.4142983,2.94745,11.7809,,,
1541122040.5181012,2.94745,11.7809,,,
1541122040.6350021,2.94745,11.7809,,,
1541122040.713421,2.94653,11.7809,,,
1541122040.8104198,2.94653,11.7847,,,
1541122040.931983,2.94653,11.7847,,,
1541122041.0134373,2.94653,11.7847,0,0,0
1541122041.1113048,2.94563,11.7888,,,
1541122041.2115998,2.94563,11.7888,,,
1541122041.321495,2.94563,11.7888,,,
1541122041.438861,2.94472,11.7922,,,
1541122041.5162,2.94472,11.7922,,,
1541122041.610094,2.94472,11.7922,,,
1541122041.71643,2.94388,11.7922,,,
1541122041.8281035,2.94388,11.7953,,,
1541122041.9103336,2.94388,11.7953,,,
1541122042.0108345,2.94388,11.7953,0,0,0
1541122042.110596,2.94298,11.7994,,,
1541122042.236139,2.94298,11.7994,,,
1541122042.3156238,2.94298,11.7994,,,
1541122042.4108386,2.94206,11.8032,,,
1541122042.5110745,2.94206,11.8032,,,
1541122042.629814,2.94206,11.8032,,,
1541122042.7136793,2.94116,11.8032,,,
1541122042.811085,2.94116,11.8065,,,
1541122042.911067,2.94116,11.8065,,,
1541122043.039172,2.94116,11.8065,0,0,0
1541122043.1329424,2.94025,11.8101,,,
1541122043.2112894,2.94025,11.8101,,,
1541122043.311442,2.94025,11.8101,,,
1541122043.4160707,2.93935,11.8137,,,
1541122043.5235412,2.93935,11.8137,,,
1541122043.61247,2.93935,11.8137,,,
1541122043.7124305,2.93837,11.8137,,,
1541122043.831533,2.93837,11.8176,,,
1541122043.9194462,2.93837,11.8176,,,
1541122044.0141985,2.93837,11.8176,0,0,0
1541122044.1131694,2.93745,11.8212,,,
1541122044.214253,2.93745,11.8212,,,
1541122044.3361752,2.93745,11.8212,,,
1541122044.418316,2.93655,11.825,,,
1541122044.5140812,2.93655,11.825,,,
1541122044.6306286,2.93655,11.825,,,
1541122044.7271752,2.93564,11.825,,,
1541122044.815694,2.93564,11.8286,,,
1541122044.9160724,2.93564,11.8286,,,
1541122045.0161974,2.93564,11.8286,0,0,0
1541122045.1221564,2.93474,11.8324,,,
1541122045.2332942,2.93474,11.8324,,,
1541122045.3163056,2.93474,11.8324,,,
1541122045.4270031,2.93375,11.8324,,,
1541122045.525929,2.93375,11.8365,,,
1541122045.625041,2.93375,11.8365,,,
1541122045.7162995,2.93285,11.8365,,,
1541122045.8165653,2.93285,11.8401,,,
1541122045.915934,2.93285,11.8401,,,
1541122046.0194423,2.93285,11.8401,0,0,0
1541122046.1161828,2.93185,11.844,,,
1541122046.2210288,2.93185,11.844,,,
1541122046.3290234,2.93185,11.844,,,
1541122046.4324272,2.93095,11.8478,,,
1541122046.5166736,2.93095,11.8478,,,
1541122046.616933,2.93095,11.8478,,,
1541122046.7185597,2.92996,11.8478,,,
1541122046.8270469,2.92996,11.8514,,,
1541122046.9360452,2.92996,11.8514,,,
1541122047.0206227,2.92996,11.8514,0,0,0
1541122047.1335552,2.92899,11.8557,,,
1541122047.2171717,2.92899,11.8557,,,
1541122047.3301702,2.92899,11.8557,,,
1541122047.4296355,2.92807,11.8557,,,
1541122047.5229275,2.92807,11.8591,,,
1541122047.6232858,2.92807,11.8591,,,
1541122047.739076,2.92717,11.8591,,,
1541122047.8536477,2.92717,11.8629,,,
1541122047.944104,2.92717,11.8629,,,
1541122048.0252206,2.92717,11.8629,0,0,0
1541122048.1276045,2.92618,11.8673,,,
1541122048.2341058,2.92618,11.8673,,,
1541122048.3263175,2.92618,11.8673,,,
1541122048.425092,2.9252,11.8673,,,
1541122048.5247378,2.9252,11.8706,,,
1541122048.654853,2.9252,11.8706,,,
1541122048.7555459,2.92421,11.8706,,,
1541122048.8329756,2.92421,11.875,,,
1541122048.928719,2.92421,11.875,,,
1541122049.0361598,2.92421,11.875,0,0,0
1541122049.1490283,2.92323,11.8786,,,
1541122049.226905,2.92323,11.8786,,,
1541122049.326408,2.92323,11.8786,,,
1541122049.4315228,2.92232,11.8786,,,
1541122049.5448687,2.92232,11.8827,,,
1541122049.6262755,2.92232,11.8827,,,
1541122049.7261417,2.92232,11.8827,,,
1541122049.826151,2.92126,11.887,,,
1541122049.9340234,2.92126,11.887,,,
1541122050.0269165,2.92126,11.887,0,0,0
1541122050.1269047,2.92035,11.8904,,,
1541122050.2270312,2.92035,11.8904,,,
1541122050.3482573,2.92035,11.8904,,,
1541122050.4277558,2.9193,11.8904,,,
1541122050.5260181,2.9193,11.895,,,
1541122050.6281624,2.9193,11.895,,,
1541122050.7415125,2.91832,11.895,,,
1541122050.8510382,2.91832,11.8991,,,
1541122050.9293864,2.91832,11.8991,,,
1541122051.0277264,2.91832,11.8991,0,0,0
1541122051.1503668,2.91733,11.9026,,,
1541122051.238293,2.91733,11.9026,,,
1541122051.3285115,2.91733,11.9026,,,
1541122051.4281702,2.91635,11.9026,,,
1541122051.5288663,2.91635,11.9068,,,
1541122051.6506612,2.91635,11.9068,,,
1541122051.7344089,2.91635,11.9068,,,
1541122051.8291597,2.91536,11.9106,,,
1541122051.9519634,2.91536,11.9106,,,
1541122052.040403,2.91536,11.9106,0,0,0
1541122052.1284015,2.91431,11.9152,,,
1541122052.2291677,2.91431,11.9152,,,
1541122052.3291593,2.91431,11.9152,,,
1541122052.4379401,2.91331,11.9152,,,
1541122052.5487835,2.91331,11.9193,,,
1541122052.6292808,2.91331,11.9193,,,
1541122052.7533507,2.91331,11.9193,,,
1541122052.8312638,2.91226,11.9234,,,
1541122052.9391582,2.91226,11.9234,,,
1541122053.0299134,2.91226,11.9234,0,0,0
1541122053.1301465,2.91127,11.928,,,
1541122053.2306473,2.91127,11.928,,,
1541122053.350883,2.91127,11.928,,,
1541122053.434288,2.91022,11.928,,,
1541122053.553999,2.91022,11.9321,,,
1541122053.6341543,2.91022,11.9321,,,
1541122053.741389,2.91022,11.9321,,,
1541122053.832886,2.90916,11.9362,,,
1541122053.9308968,2.90916,11.9362,,,
1541122054.0342917,2.90916,11.9362,0,0,0
1541122054.141628,2.90817,11.9403,,,
1541122054.2334218,2.90817,11.9403,,,
1541122054.351649,2.90817,11.9403,,,
1541122054.4372785,2.90712,11.9403,,,
1541122054.5472972,2.90712,11.9449,,,
1541122054.6337917,2.90712,11.9449,,,
1541122054.732524,2.90712,11.9449,,,
1541122054.8331363,2.90605,11.9488,,,
1541122054.9413784,2.90605,11.9488,,,
1541122055.0504158,2.90605,11.9488,0,0,0
1541122055.1491325,2.90508,11.9534,,,
1541122055.2395377,2.90508,11.9534,,,
1541122055.3372715,2.90508,11.9534,,,
1541122055.44353,2.90401,11.9534,,,
1541122055.5356574,2.90401,11.9575,,,
1541122055.6352673,2.90401,11.9575,,,
1541122055.7340162,2.90401,11.9575,,,
1541122055.856907,2.90295,11.9624,,,
1541122055.9717147,2.90295,11.9624,,,
1541122056.045775,2.90295,11.9624,0,0,0
1541122056.1367097,2.90182,11.9624,,,
1541122056.2492304,2.90182,11.9662,,,
1541122056.3591568,2.90182,11.9662,,,
1541122056.4384356,2.90076,11.9662,,,
1541122056.5378008,2.90076,11.9708,,,
1541122056.643811,2.90076,11.9708,,,
1541122056.7636337,2.90076,11.9708,,,
1541122056.850502,2.8997,11.9754,,,
1541122056.936134,2.8997,11.9754,,,
1541122057.0414047,2.8997,11.9754,0,0,0
1541122057.1548889,2.89864,11.9754,,,
1541122057.238105,2.89864,11.9801,,,
1541122057.336129,2.89864,11.9801,,,
1541122057.4361227,2.89758,11.9801,,,
1541122057.5533488,2.89758,11.9839,,,
1541122057.6743307,2.89758,11.9839,,,
1541122057.7439961,2.89758,11.9839,,,
1541122057.8407476,2.89653,11.9888,,,
1541122057.957942,2.89653,11.9888,,,
1541122058.0402179,2.89653,11.9888,0,0,0
1541122058.139978,2.89539,11.9888,,,
1541122058.240236,2.89539,11.9931,,,
1541122058.357282,2.89539,11.9931,,,
1541122058.4542334,2.89433,11.9931,,,
1541122058.5430803,2.89433,11.9977,,,
1541122058.6413622,2.89433,11.9977,,,
1541122058.7425547,2.89433,11.9977,,,
1541122058.8508651,2.89326,12.0021,,,
1541122058.9415958,2.89326,12.0021,,,
1541122059.0414824,2.89326,12.0021,0,0,0
1541122059.1463408,2.89214,12.0021,,,
1541122059.2845595,2.89214,12.007,,,
1541122059.3695507,2.89214,12.007,,,
1541122059.446562,2.89101,12.007,,,
1541122059.5423744,2.89101,12.0111,,,
1541122059.6532638,2.89101,12.0111,,,
1541122059.7425995,2.89101,12.0111,,,
1541122059.8431075,2.88994,12.0159,,,
1541122059.9428709,2.88994,12.0159,,,
1541122060.0595338,2.88994,12.0159,0,0,0
1541122060.1645613,2.88881,12.0159,,,
1541122060.244076,2.88881,12.0203,,,
1541122060.3438692,2.88881,12.0203,,,
1541122060.4437258,2.88881,12.0203,,,
1541122060.5532675,2.88766,12.0252,,,
1541122060.645038,2.88766,12.0252,,,
1541122060.744231,2.88766,12.0252,,,
1541122060.8443525,2.88661,12.0295,,,
1541122060.9912815,2.88661,12.0295,,,
1541122061.0761578,2.88661,12.0295,0,0,0
1541122061.146609,2.88548,12.0295,,,
1541122061.2443838,2.88548,12.0341,,,
1541122061.35624,2.88548,12.0341,,,
1541122061.444608,2.88548,12.0341,,,
1541122061.5448818,2.88434,12.0393,,,
1541122061.6445086,2.88434,12.0393,,,
1541122061.7513483,2.88434,12.0393,,,
1541122061.8669364,2.88321,12.0436,,,
1541122061.9463687,2.88321,12.0436,0,0,0
1541122062.0455,2.88321,12.0436,,,
1541122062.1441486,2.88208,12.0436,,,
1541122062.2522378,2.88208,12.0485,,,
1541122062.3456202,2.88208,12.0485,,,
1541122062.4459975,2.88208,12.0485,,,
1541122062.5448608,2.88094,12.0534,,,
1541122062.6848555,2.88094,12.0534,,,
1541122062.749123,2.88094,12.0534,,,
1541122062.8470998,2.87973,12.0582,,,
1541122062.9468443,2.87973,12.0582,,,
1541122063.058379,2.87973,12.0582,0,0,0
1541122063.1472263,2.87859,12.0582,,,
1541122063.2477245,2.87859,12.0629,,,
1541122063.3473675,2.87859,12.0629,,,
1541122063.4780154,2.87746,12.0629,,,
1541122063.5671039,2.87746,12.0677,,,
1541122063.6481428,2.87746,12.0677,,,
1541122063.7480886,2.87746,12.0677,,,
1541122063.8472311,2.87633,12.0728,,,
1541122063.95681,2.87633,12.0728,,,
1541122064.0472424,2.87633,12.0728,0,0,0
1541122064.148491,2.87511,12.0728,,,
1541122064.2712893,2.87511,12.0777,,,
1541122064.3680897,2.87511,12.0777,,,
1541122064.448744,2.87511,12.0777,,,
1541122064.5489814,2.87398,12.0826,,,
1541122064.64899,2.87398,12.0826,,,
1541122064.7580624,2.87398,12.0826,,,
1541122064.8658507,2.87277,12.0877,,,
1541122064.9493628,2.87277,12.0877,0,0,0
1541122065.0716877,2.87277,12.0877,,,
1541122065.151621,2.87163,12.0877,,,
1541122065.2564492,2.87163,12.0923,,,
1541122065.3489797,2.87163,12.0923,,,
1541122065.4490907,2.87163,12.0923,,,
1541122065.549106,2.87042,12.0977,,,
1541122065.6723418,2.87042,12.0977,,,
1541122065.7553463,2.87042,12.0977,,,
1541122065.873284,2.86922,12.1028,,,
1541122065.9543426,2.86922,12.1028,0,0,0
1541122066.0692232,2.86922,12.1028,,,
1541122066.1747024,2.868,12.1028,,,
1541122066.2532184,2.868,12.1075,,,
1541122066.3520865,2.868,12.1075,,,
1541122066.4577222,2.868,12.1075,,,
1541122066.568986,2.86679,12.1128,,,
1541122066.6709144,2.86679,12.1128,,,
1541122066.758152,2.86679,12.1128,,,
1541122066.8531022,2.86559,12.1128,,,
1541122066.9608362,2.86559,12.118,,,
1541122067.0530863,2.86559,12.118,0,0,0
1541122067.153345,2.86444,12.118,,,
1541122067.2523296,2.86444,12.1228,,,
1541122067.3735693,2.86444,12.1228,,,
1541122067.48693,2.86444,12.1228,,,
1541122067.56233,2.86316,12.1282,,,
1541122067.6542037,2.86316,12.1282,,,
1541122067.7650425,2.86316,12.1282,,,
1541122067.8725734,2.86195,12.1282,,,
1541122067.9543476,2.86195,12.1333,0,0,0
1541122068.054455,2.86195,12.1333,,,
1541122068.1535826,2.86195,12.1333,,,
1541122068.2732875,2.86073,12.1382,,,
1541122068.3654592,2.86073,12.1382,,,
1541122068.4580178,2.86073,12.1382,,,
1541122068.5570972,2.85953,12.1436,,,
1541122068.672309,2.85953,12.1436,,,
1541122068.7808201,2.85953,12.1436,,,
1541122068.85908,2.85825,12.1436,,,
1541122068.9587858,2.85825,12.149,,,
1541122069.0746763,2.85825,12.149,0,0,0
1541122069.1692016,2.85703,12.149,,,
1541122069.2597148,2.85703,12.1541,,,
1541122069.3597174,2.85703,12.1541,,,
1541122069.4596825,2.85703,12.1541,,,
1541122069.5834565,2.85582,12.1592,,,
1541122069.6657984,2.85582,12.1592,,,
1541122069.7604592,2.85582,12.1592,,,
1541122069.8676698,2.85454,12.1592,,,
1541122069.9915044,2.85454,12.1649,0,0,0
1541122070.0802972,2.85454,12.1649,,,
1541122070.1623101,2.85454,12.1649,,,
1541122070.2609634,2.85332,12.17,,,
1541122070.3623257,2.85332,12.17,,,
1541122070.4711614,2.85332,12.17,,,
1541122070.561951,2.85204,12.1751,,,
1541122070.6615627,2.85204,12.1751,,,
1541122070.7656376,2.85204,12.1751,,,
1541122070.9030383,2.85083,12.181,,,
1541122070.9953394,2.85083,12.181,0,0,0
1541122071.0661845,2.85083,12.181,,,
1541122071.162171,2.85083,12.181,,,
1541122071.27893,2.84953,12.1864,,,
1541122071.3635573,2.84953,12.1864,,,
1541122071.4639401,2.84953,12.1864,,,
1541122071.5639274,2.84825,12.1915,,,
1541122071.6784968,2.84825,12.1915,,,
1541122071.7840583,2.84825,12.1915,,,
1541122071.8641887,2.84697,12.1915,,,
1541122071.9644318,2.84697,12.1972,,,
1541122072.0649228,2.84697,12.1972,0,0,0
1541122072.1713076,2.84697,12.1972,,,
1541122072.2650733,2.84569,12.2025,,,
1541122072.3650687,2.84569,12.2025,,,
1541122072.4654298,2.84569,12.2025,,,
1541122072.607846,2.84439,12.2084,,,
1541122072.6980321,2.84439,12.2084,,,
1541122072.7680798,2.84439,12.2084,,,
1541122072.8648064,2.84311,12.2084,,,
1541122072.978683,2.84311,12.2136,,,
1541122073.0664492,2.84311,12.2136,0,0,0
1541122073.166563,2.84311,12.2136,,,
1541122073.2665517,2.84183,12.2192,,,
1541122073.3741806,2.84183,12.2192,,,
1541122073.4889023,2.84183,12.2192,,,
1541122073.5683029,2.84053,12.2251,,,
1541122073.6676393,2.84053,12.2251,,,
1541122073.7682793,2.84053,12.2251,,,
1541122073.875428,2.83917,12.2251,,,
1541122073.9665523,2.83917,12.2305,0,0,0
1541122074.0680916,2.83917,12.2305,,,
1541122074.168082,2.83917,12.2305,,,
1541122074.304054,2.83789,12.2361,,,
1541122074.371315,2.83789,12.2361,,,
1541122074.468449,2.83789,12.2361,,,
1541122074.568408,2.83661,12.242,,,
1541122074.6784365,2.83661,12.242,,,
1541122074.792559,2.83661,12.242,,,
1541122074.8692908,2.83531,12.242,,,
1541122074.968927,2.83531,12.2474,0,0,0
1541122075.0925865,2.83531,12.2474,,,
1541122075.186395,2.83531,12.2474,,,
1541122075.2695322,2.83395,12.2533,,,
1541122075.36928,2.83395,12.2533,,,
1541122075.4696517,2.83395,12.2533,,,
1541122075.5761673,2.8326,12.2592,,,
1541122075.669744,2.8326,12.2592,,,
1541122075.768573,2.8326,12.2592,,,
1541122075.8912694,2.8313,12.2592,,,
1541122075.9932969,2.8313,12.2646,0,0,0
1541122076.076177,2.8313,12.2646,,,
1541122076.1694002,2.8313,12.2646,,,
1541122076.2700384,2.82994,12.271,,,
1541122076.386005,2.82994,12.271,,,
1541122076.4700658,2.82994,12.271,,,
1541122076.570796,2.82858,12.2766,,,
1541122076.6891344,2.82858,12.2766,,,
1541122076.7776296,2.82858,12.2766,,,
1541122076.887304,2.82722,12.2766,,,
1541122076.9707751,2.82722,12.2825,0,0,0
1541122077.0722835,2.82722,12.2825,,,
1541122077.1708927,2.82722,12.2825,,,
1541122077.276779,2.82585,12.2884,,,
1541122077.3712997,2.82585,12.2884,,,
1541122077.486963,2.82585,12.2884,,,
1541122077.578517,2.82449,12.2884,,,
1541122077.69417,2.82449,12.2943,,,
1541122077.776035,2.82449,12.2943,,,
1541122077.873251,2.82314,12.2943,,,
1541122077.9744172,2.82314,12.3002,0,0,0
1541122078.0845237,2.82314,12.3002,,,
1541122078.1737812,2.82314,12.3002,,,
1541122078.2871997,2.82178,12.3066,,,
1541122078.3810396,2.82178,12.3066,,,
1541122078.4843976,2.82178,12.3066,,,
1541122078.574403,2.8204,12.3066,,,
1541122078.6743836,2.8204,12.3122,,,
1541122078.774773,2.8204,12.3122,,,
1541122078.8850012,2.81897,12.3122,,,
1541122078.9915385,2.81897,12.3184,0,0,0
1541122079.0847259,2.81897,12.3184,,,
1541122079.1841567,2.81897,12.3184,,,
1541122079.2781441,2.81761,12.3246,,,
1541122079.3920622,2.81761,12.3246,,,
1541122079.4752772,2.81761,12.3246,,,
1541122079.5769033,2.81625,12.3246,,,
1541122079.6758986,2.81625,12.3304,,,
1541122079.782293,2.81625,12.3304,,,
1541122079.8805237,2.81625,12.3304,,,
1541122079.9881115,2.81482,12.3369,0,0,0
1541122080.0765128,2.81482,12.3369,,,
1541122080.199008,2.81482,12.3369,,,
1541122080.28242,2.81345,12.3427,,,
1541122080.3785014,2.81345,12.3427,,,
1541122080.4783795,2.81345,12.3427,,,
1541122080.5890021,2.81201,12.3492,,,
1541122080.7102563,2.81201,12.3492,,,
1541122080.8021388,2.81201,12.3492,,,
1541122080.8803885,2.81201,12.3492,,,
1541122080.9830074,2.81058,12.3553,0,0,0
1541122081.092395,2.81058,12.3553,,,
1541122081.1822407,2.81058,12.3553,,,
1541122081.2811549,2.80914,12.3615,,,
1541122081.3810117,2.80914,12.3615,,,
1541122081.5107758,2.80914,12.3615,,,
1541122081.618206,2.80769,12.3615,,,
1541122081.6852095,2.80769,12.3681,,,
1541122081.7833347,2.80769,12.3681,,,
1541122081.8993394,2.80626,12.3681,,,
1541122082.0057805,2.80626,12.3743,0,0,0
1541122082.0850656,2.80626,12.3743,,,
1541122082.1839159,2.80626,12.3743,,,
1541122082.290495,2.8049,12.3807,,,
1541122082.4057095,2.8049,12.3807,,,
1541122082.4850552,2.8049,12.3807,,,
1541122082.5849636,2.80347,12.3807,,,
1541122082.6847246,2.80347,12.3868,,,
1541122082.793564,2.80347,12.3868,,,
1541122082.886052,2.80347,12.3868,,,
1541122082.9870353,2.80203,12.393,0,0,0
1541122083.086104,2.80203,12.393,,,
1541122083.2086806,2.80203,12.393,,,
1541122083.2919989,2.80051,12.4002,,,
1541122083.388358,2.80051,12.4002,,,
1541122083.4890146,2.80051,12.4002,,,
1541122083.6027505,2.79907,12.4002,,,
1541122083.7129066,2.79907,12.4063,,,
1541122083.789515,2.79907,12.4063,,,
1541122083.888281,2.79907,12.4063,,,
1541122084.0130746,2.79764,12.4125,0,0,0
1541122084.1067555,2.79764,12.4125,,,
1541122084.189734,2.79764,12.4125,,,
1541122084.2895298,2.79613,12.4194,,,
1541122084.3886054,2.79613,12.4194,,,
1541122084.4980981,2.79613,12.4194,,,
1541122084.589006,2.79469,12.4194,,,
1541122084.689122,2.79469,12.4258,,,
1541122084.8124497,2.79469,12.4258,,,
1541122084.91635,2.79317,12.4258,,,
1541122084.9985368,2.79317,12.4325,0,0,0
1541122085.0932355,2.79317,12.4325,,,
1541122085.1902082,2.79317,12.4325,,,
1541122085.3066168,2.79173,12.4389,,,
1541122085.3919728,2.79173,12.4389,,,
1541122085.4908798,2.79173,12.4389,,,
1541122085.6131525,2.79022,12.4389,,,
1541122085.6989849,2.79022,12.4458,,,
1541122085.8091145,2.79022,12.4458,,,
1541122085.893101,2.79022,12.4458,,,
1541122085.9931142,2.78871,12.4522,0,0,0
1541122086.0932398,2.78871,12.4522,,,
1541122086.1973386,2.78871,12.4522,,,
1541122086.2933476,2.78728,12.4586,,,
1541122086.4160192,2.78728,12.4586,,,
1541122086.4988618,2.78728,12.4586,,,
1541122086.6166039,2.78577,12.4586,,,
1541122086.6967456,2.78577,12.4658,,,
1541122086.795886,2.78577,12.4658,,,
1541122086.8963842,2.78577,12.4658,,,
1541122087.004385,2.78424,12.4722,0,0,0
1541122087.1127589,2.78424,12.4722,,,
1541122087.213446,2.78424,12.4722,,,
1541122087.2998886,2.78273,12.4794,,,
1541122087.396355,2.78273,12.4794,,,
1541122087.5041254,2.78273,12.4794,,,
1541122087.5968678,2.78122,12.4794,,,
1541122087.6971064,2.78122,12.4858,,,
1541122087.7960982,2.78122,12.4858,,,
1541122087.9193454,2.78122,12.4858,,,
1541122088.0135837,2.77963,12.4932,0,0,0
1541122088.1044705,2.77963,12.4932,,,
1541122088.196981,2.77963,12.4932,,,
1541122088.3096378,2.77812,12.4999,,,
1541122088.398672,2.77812,12.4999,,,
1541122088.49911,2.77812,12.4999,,,
1541122088.598993,2.77661,12.4999,,,
1541122088.705238,2.77661,12.507,,,
1541122088.82532,2.77661,12.507,,,
1541122088.9088633,2.77661,12.507,,,
1541122088.9983208,2.77501,12.5137,0,0,0
1541122089.1057367,2.77501,12.5137,,,
1541122089.2159905,2.77501,12.5137,,,
1541122089.300087,2.7735,12.5137,,,
1541122089.4000123,2.7735,12.5204,,,
1541122089.5007436,2.7735,12.5204,,,
1541122089.6222146,2.77199,12.5204,,,
1541122089.7131472,2.77199,12.5278,,,
1541122089.7991061,2.77199,12.5278,,,
1541122089.900019,2.77199,12.5278,,,
1541122090.0201166,2.7704,12.5345,0,0,0
1541122090.103103,2.7704,12.5345,,,
1541122090.200743,2.7704,12.5345,,,
1541122090.301041,2.76881,12.5345,,,
1541122090.4263563,2.76881,12.5419,,,
1541122090.5162594,2.76881,12.5419,,,
1541122090.6021504,2.76723,12.5419,,,
1541122090.7015097,2.76723,12.5488,,,
1541122090.802395,2.76723,12.5488,,,
1541122090.9084678,2.76723,12.5488,,,
1541122091.0032444,2.76564,12.5563,0,0,0
1541122091.1023958,2.76564,12.5563,,,
1541122091.207563,2.76564,12.5563,,,
1541122091.344443,2.76411,12.5629,,,
1541122091.4346354,2.76411,12.5629,,,
1541122091.5092528,2.76411,12.5629,,,
1541122091.6060183,2.76253,12.5629,,,
1541122091.7149956,2.76253,12.5704,,,
1541122091.8240287,2.76253,12.5704,,,
1541122091.906365,2.76253,12.5704,,,
1541122092.0070262,2.76094,12.5778,0,0,0
1541122092.1110752,2.76094,12.5778,,,
1541122092.2203517,2.76094,12.5778,,,
1541122092.3077388,2.75935,12.5778,,,
1541122092.4072297,2.75935,12.585,,,
1541122092.507703,2.75935,12.585,,,
1541122092.6088731,2.75935,12.585,,,
1541122092.7130125,2.75769,12.5924,,,
1541122092.8071373,2.75769,12.5924,,,
1541122092.9111893,2.75769,12.5924,,,
1541122093.0400653,2.7561,12.5998,0,0,0
1541122093.128459,2.7561,12.5998,,,
1541122093.2086535,2.7561,12.5998,,,
1541122093.3087075,2.75444,12.5998,,,
1541122093.4100623,2.75444,12.6073,,,
1541122093.5178266,2.75444,12.6073,,,
1541122093.6091983,2.75444,12.6073,,,
1541122093.7090187,2.75285,12.6147,,,
1541122093.8091705,2.75285,12.6147,,,
1541122093.9535794,2.75285,12.6147,,,
1541122094.0412626,2.75119,12.6221,0,0,0
1541122094.112882,2.75119,12.6221,,,
1541122094.2097037,2.75119,12.6221,,,
1541122094.325061,2.74953,12.6298,,,
1541122094.4328694,2.74953,12.6298,,,
1541122094.5118163,2.74953,12.6298,,,
1541122094.6100385,2.74953,12.6298,,,
1541122094.7170203,2.74792,12.6373,,,
1541122094.832558,2.74792,12.6373,,,
1541122094.911729,2.74792,12.6373,,,
1541122095.0108438,2.74626,12.6449,0,0,0
1541122095.1115117,2.74626,12.6449,,,
1541122095.2140036,2.74626,12.6449,,,
1541122095.311493,2.7446,12.6449,,,
1541122095.4117966,2.7446,12.6526,,,
1541122095.5120108,2.7446,12.6526,,,
1541122095.64532,2.74294,12.6526,,,
1541122095.7367651,2.74294,12.6603,,,
1541122095.8149085,2.74294,12.6603,,,
1541122095.912398,2.74294,12.6603,,,
1541122096.0218015,2.74127,12.668,0,0,0
1541122096.1290665,2.74127,12.668,,,
1541122096.2131076,2.74127,12.668,,,
1541122096.312838,2.73953,12.668,,,
1541122096.4390585,2.73953,12.6757,,,
1541122096.518968,2.73953,12.6757,,,
1541122096.613293,2.73953,12.6757,,,
1541122096.7131689,2.73787,12.6837,,,
1541122096.8133166,2.73787,12.6837,,,
1541122096.9365473,2.73787,12.6837,,,
1541122097.018476,2.73613,12.6916,0,0,0
1541122097.11358,2.73613,12.6916,,,
1541122097.2379973,2.73613,12.6916,,,
1541122097.3256407,2.73447,12.6916,,,
1541122097.415425,2.73447,12.6993,,,
1541122097.5145755,2.73447,12.6993,,,
1541122097.6148734,2.73447,12.6993,,,
1541122097.7217846,2.73273,12.7072,,,
1541122097.8314333,2.73273,12.7072,,,
1541122097.9152954,2.73273,12.7072,,,
1541122098.0413177,2.73099,12.7157,0,0,0
1541122098.1190698,2.73099,12.7157,,,
1541122098.2237198,2.73099,12.7157,,,
1541122098.315683,2.72932,12.7157,,,
1541122098.4137185,2.72932,12.7234,,,
1541122098.5164325,2.72932,12.7234,,,
1541122098.636231,2.72932,12.7234,,,
1541122098.7164366,2.72758,12.7316,,,
1541122098.8341851,2.72758,12.7316,,,
1541122098.9208293,2.72758,12.7316,,,
1541122099.030179,2.72585,12.7395,0,0,0
1541122099.1173298,2.72585,12.7395,,,
1541122099.216815,2.72585,12.7395,,,
1541122099.3160617,2.72411,12.7395,,,
1541122099.4269578,2.72411,12.748,,,
1541122099.5336745,2.72411,12.748,,,
1541122099.6315184,2.72411,12.748,,,
1541122099.7236874,2.72235,12.7562,,,
1541122099.8198364,2.72235,12.7562,,,
1541122099.9338062,2.72235,12.7562,,,
1541122100.0181277,2.72054,12.7562,0,0,0
1541122100.116927,2.72054,12.7641,,,
1541122100.2182682,2.72054,12.7641,,,
1541122100.3246868,2.7188,12.7641,,,
1541122100.4294977,2.7188,12.7728,,,
1541122100.5268078,2.7188,12.7728,,,
1541122100.6171966,2.7188,12.7728,,,
1541122100.737999,2.71698,12.7808,,,
1541122100.8192458,2.71698,12.7808,,,
1541122100.919865,2.71698,12.7808,,,
1541122101.0202646,2.71524,12.7808,0,0,0
1541122101.1267502,2.71524,12.7892,,,
1541122101.2468357,2.71524,12.7892,,,
1541122101.3361223,2.71342,12.7892,,,
1541122101.4204059,2.71342,12.7977,,,
1541122101.521598,2.71342,12.7977,,,
1541122101.6289499,2.71342,12.7977,,,
1541122101.7204008,2.71161,12.8064,,,
1541122101.820307,2.71161,12.8064,,,
1541122101.920281,2.71161,12.8064,,,
1541122102.0573802,2.70979,12.8146,0,0,0
1541122102.1531649,2.70979,12.8146,,,
1541122102.2243428,2.70979,12.8146,,,
1541122102.321304,2.70979,12.8146,,,
1541122102.4366407,2.70798,12.8236,,,
1541122102.544372,2.70798,12.8236,,,
1541122102.6231093,2.70798,12.8236,,,
1541122102.7220364,2.70616,12.8318,,,
1541122102.8299665,2.70616,12.8318,,,
1541122102.9391105,2.70616,12.8318,,,
1541122103.022472,2.70435,12.8318,0,0,0
1541122103.1226287,2.70435,12.8408,,,
1541122103.2219987,2.70435,12.8408,,,
1541122103.325304,2.70435,12.8408,,,
1541122103.424918,2.70245,12.8497,,,
1541122103.5239553,2.70245,12.8497,,,
1541122103.624181,2.70245,12.8497,,,
1541122103.7667603,2.70064,12.8585,,,
1541122103.8480508,2.70064,12.8585,,,
1541122103.9257839,2.70064,12.8585,,,
1541122104.0219295,2.69875,12.8585,0,0,0
1541122104.1299493,2.69875,12.8674,,,
1541122104.2394369,2.69875,12.8674,,,
1541122104.3231676,2.69875,12.8674,,,
1541122104.4222844,2.69693,12.8759,,,
1541122104.5226667,2.69693,12.8759,,,
1541122104.643532,2.69693,12.8759,,,
1541122104.7241564,2.69505,12.8851,,,
1541122104.8239124,2.69505,12.8851,,,
1541122104.9244037,2.69505,12.8851,,,
1541122105.0460296,2.69316,12.8941,0,0,0
1541122105.1281157,2.69316,12.8941,,,
1541122105.2249122,2.69316,12.8941,,,
1541122105.3249228,2.69316,12.8941,,,
1541122105.4523988,2.69127,12.9033,,,
1541122105.545685,2.69127,12.9033,,,
1541122105.62554,2.69127,12.9033,,,
1541122105.7252903,2.68938,12.9125,,,
1541122105.825892,2.68938,12.9125,,,
1541122105.9343216,2.68938,12.9125,,,
1541122106.0257566,2.68741,12.9125,0,0,0
1541122106.125869,2.68741,12.9215,,,
1541122106.2492456,2.68741,12.9215,,,
1541122106.3459363,2.68552,12.9215,,,
1541122106.4282403,2.68552,12.931,,,
1541122106.5268047,2.68552,12.931,,,
1541122106.6268058,2.68552,12.931,,,
1541122106.7371619,2.68362,12.9402,,,
1541122106.8434186,2.68362,12.9402,,,
1541122106.9271939,2.68362,12.9402,,,
1541122107.0588765,2.68166,12.9402,0,0,0
1541122107.1310449,2.68166,12.9497,,,
1541122107.2350352,2.68166,12.9497,,,
1541122107.3279488,2.68166,12.9497,,,
1541122107.4269142,2.67969,12.9587,,,
1541122107.5280766,2.67969,12.9587,,,
1541122107.6492925,2.67969,12.9587,,,
1541122107.7339015,2.67772,12.9684,,,
1541122107.849905,2.67772,12.9684,,,
1541122107.9290445,2.67772,12.9684,,,
1541122108.0468004,2.67575,12.9684,0,0,0
1541122108.12807,2.67575,12.9779,,,
1541122108.2282445,2.67575,12.9779,,,
1541122108.328245,2.67575,12.9779,,,
1541122108.4379106,2.67378,12.9874,,,
1541122108.5487733,2.67378,12.9874,,,
1541122108.6533647,2.67378,12.9874,,,
1541122108.7346764,2.67181,12.9874,,,
1541122108.832574,2.67181,12.9974,,,
1541122108.9390619,2.67181,12.9974,,,
1541122109.0315561,2.66985,12.9974,0,0,0
1541122109.131703,2.66985,13.0069,,,
1541122109.2313907,2.66985,13.0069,,,
1541122109.335616,2.66985,13.0069,,,
1541122109.4738727,2.66782,13.0169,,,
1541122109.5401852,2.66782,13.0169,,,
1541122109.6328292,2.66782,13.0169,,,
1541122109.7484586,2.66577,13.0266,,,
1541122109.8544657,2.66577,13.0266,,,
1541122109.9349198,2.66577,13.0266,,,
1541122110.035376,2.66373,13.0266,0,0,0
1541122110.1378431,2.66373,13.0366,,,
1541122110.2443638,2.66373,13.0366,,,
1541122110.3365915,2.66373,13.0366,,,
1541122110.4353826,2.66176,13.0466,,,
1541122110.5354178,2.66176,13.0466,,,
1541122110.6392736,2.66176,13.0466,,,
1541122110.7350514,2.65971,13.0466,,,
1541122110.8352575,2.65971,13.0566,,,
1541122110.950625,2.65971,13.0566,,,
1541122111.051165,2.65759,13.0566,0,0,0
1541122111.158416,2.65759,13.0666,,,
1541122111.2378044,2.65759,13.0666,,,
1541122111.3363712,2.65759,13.0666,,,
1541122111.4406567,2.65555,13.0768,,,
1541122111.5542572,2.65555,13.0768,,,
1541122111.6371214,2.65555,13.0768,,,
1541122111.748162,2.65343,13.0768,,,
1541122111.844871,2.65343,13.0871,,,
1541122111.9462638,2.65343,13.0871,,,
1541122112.0369925,2.65343,13.0871,0,0,0
1541122112.1371186,2.6514,13.0971,,,
1541122112.2365408,2.6514,13.0971,,,
1541122112.3400373,2.6514,13.0971,,,
1541122112.4379334,2.64928,13.1078,,,
1541122112.5407019,2.64928,13.1078,,,
1541122112.6599221,2.64928,13.1078,,,
1541122112.7568936,2.64716,13.1186,,,
1541122112.8609016,2.64716,13.1186,,,
1541122112.9388826,2.64716,13.1186,,,
1541122113.037376,2.64716,13.1186,0,0,0
1541122113.1399968,2.64503,13.1289,,,
1541122113.2549963,2.64503,13.1289,,,
1541122113.338858,2.64503,13.1289,,,
1541122113.4428213,2.64284,13.1396,,,
1541122113.5561078,2.64284,13.1396,,,
1541122113.6463678,2.64284,13.1396,,,
1541122113.7394977,2.64072,13.1396,,,
1541122113.8399637,2.64072,13.1504,,,
1541122113.9393642,2.64072,13.1504,,,
1541122114.0604002,2.63853,13.1504,0,0,0
1541122114.1450024,2.63853,13.1609,,,
1541122114.23985,2.63853,13.1609,,,
1541122114.3584104,2.63853,13.1609,,,
1541122114.4521217,2.63641,13.1719,,,
1541122114.5391467,2.63641,13.1719,,,
1541122114.638857,2.63641,13.1719,,,
1541122114.7392418,2.63422,13.1719,,,
1541122114.8472357,2.63422,13.183,,,
1541122114.9577775,2.63422,13.183,,,
1541122115.039732,2.63422,13.183,0,0,0
1541122115.161892,2.63202,13.194,,,
1541122115.2402616,2.63202,13.194,,,
1541122115.350505,2.63202,13.194,,,
1541122115.4408937,2.62975,13.205,,,
1541122115.5408678,2.62975,13.205,,,
1541122115.6408925,2.62975,13.205,,,
1541122115.760987,2.62756,13.205,,,
1541122115.8449044,2.62756,13.2163,,,
1541122115.964981,2.62756,13.2163,,,
1541122116.0431168,2.62756,13.2163,0,0,0
1541122116.1528533,2.62529,13.2276,,,
1541122116.2597368,2.62529,13.2276,,,
1541122116.3436136,2.62529,13.2276,,,
1541122116.4436047,2.62309,13.2388,,,
1541122116.5433605,2.62309,13.2388,,,
1541122116.6504953,2.62309,13.2388,,,
1541122116.765326,2.62082,13.2388,,,
1541122116.8451133,2.62082,13.2504,,,
1541122116.9431093,2.62082,13.2504,,,
1541122117.0626147,2.62082,13.2504,0,0,0
1541122117.144356,2.61856,13.2619,,,
1541122117.2439234,2.61856,13.2619,,,
1541122117.344899,2.61856,13.2619,,,
1541122117.4517028,2.61629,13.2734,,,
1541122117.567314,2.61629,13.2734,,,
1541122117.6472235,2.61629,13.2734,,,
1541122117.7452202,2.61394,13.2734,,,
1541122117.8461242,2.61394,13.285,,,
1541122117.9534726,2.61394,13.285,,,
1541122118.0458858,2.61394,13.285,0,0,0
1541122118.146357,2.61166,13.297,,,
1541122118.2462273,2.61166,13.297,,,
1541122118.3873398,2.61166,13.297,,,
1541122118.448885,2.60933,13.3088,,,
1541122118.5470562,2.60933,13.3088,,,
1541122118.648627,2.60933,13.3088,,,
1541122118.756255,2.60698,13.3088,,,
1541122118.8719442,2.60698,13.3206,,,
1541122118.948999,2.60698,13.3206,0,0,0
1541122119.0480068,2.60698,13.3206,,,
1541122119.170704,2.60455,13.3329,,,
1541122119.2583573,2.60455,13.3329,,,
1541122119.3480759,2.60455,13.3329,,,
1541122119.4484973,2.60222,13.3329,,,
1541122119.5488505,2.60222,13.3449,,,
1541122119.6710763,2.60222,13.3449,,,
1541122119.7545798,2.59979,13.3449,,,
1541122119.8488517,2.59979,13.3578,,,
1541122119.9636874,2.59979,13.3578,,,
1541122120.0620816,2.59979,13.3578,0,0,0
1541122120.174606,2.59737,13.3698,,,
1541122120.2511005,2.59737,13.3698,,,
1541122120.3499744,2.59737,13.3698,,,
1541122120.456857,2.59496,13.3826,,,
1541122120.5664568,2.59496,13.3826,,,
1541122120.6489596,2.59496,13.3826,,,
1541122120.7605708,2.59496,13.3826,,,
1541122120.858053,2.59253,13.3949,,,
1541122120.9548624,2.59253,13.3949,,,
1541122121.0502436,2.59253,13.3949,0,0,0
1541122121.1499598,2.59003,13.4077,,,
1541122121.2498305,2.59003,13.4077,,,
1541122121.3713052,2.59003,13.4077,,,
1541122121.454286,2.58754,13.4077,,,
1541122121.5579996,2.58754,13.4208,,,
1541122121.6637044,2.58754,13.4208,,,
1541122121.7620814,2.58511,13.4208,,,
1541122121.8521924,2.58511,13.4334,,,
1541122121.9509861,2.58511,13.4334,,,
1541122122.051011,2.58511,13.4334,0,0,0
1541122122.1611133,2.58253,13.4467,,,
1541122122.252201,2.58253,13.4467,,,
1541122122.3555539,2.58253,13.4467,,,
1541122122.4754293,2.58005,13.4467,,,
1541122122.5710742,2.58005,13.4598,,,
1541122122.6532307,2.58005,13.4598,,,
1541122122.7521884,2.58005,13.4598,,,
1541122122.8534286,2.57747,13.4734,,,
1541122122.9635708,2.57747,13.4734,,,
1541122123.069852,2.57747,13.4734,0,0,0
1541122123.1535485,2.57498,13.4867,,,
1541122123.2542162,2.57498,13.4867,,,
1541122123.3767576,2.57498,13.4867,,,
1541122123.473588,2.57233,13.4867,,,
1541122123.5535462,2.57233,13.5003,,,
1541122123.6549642,2.57233,13.5003,,,
1541122123.7539546,2.57233,13.5003,,,
1541122123.8768601,2.56976,13.5141,,,
1541122123.9603376,2.56976,13.5141,0,0,0
1541122124.0560887,2.56976,13.5141,,,
1541122124.155963,2.56711,13.5277,,,
1541122124.2828214,2.56711,13.5277,,,
1541122124.3764489,2.56711,13.5277,,,
1541122124.4578035,2.56445,13.5277,,,
1541122124.5573177,2.56445,13.5418,,,
1541122124.657962,2.56445,13.5418,,,
1541122124.7655756,2.56445,13.5418,,,
1541122124.8568242,2.56181,13.5556,,,
1541122124.958041,2.56181,13.5556,,,
1541122125.0795114,2.56181,13.5556,0,0,0
1541122125.1781285,2.55916,13.5697,,,
1541122125.2589386,2.55916,13.5697,,,
1541122125.3587177,2.55916,13.5697,,,
1541122125.4587035,2.55644,13.5697,,,
1541122125.5680962,2.55644,13.5841,,,
1541122125.6765654,2.55644,13.5841,,,
1541122125.758477,2.55644,13.5841,,,
1541122125.8822777,2.55371,13.5987,,,
1541122125.9606082,2.55371,13.5987,0,0,0
1541122126.06671,2.55371,13.5987,,,
1541122126.1595995,2.55099,13.6128,,,
1541122126.259069,2.55099,13.6128,,,
1541122126.3594563,2.55099,13.6128,,,
1541122126.4823053,2.54819,13.6128,,,
1541122126.5649366,2.54819,13.6279,,,
1541122126.6846702,2.54819,13.6279,,,
1541122126.7656107,2.54819,13.6279,,,
1541122126.8737376,2.54547,13.6428,,,
1541122126.9831648,2.54547,13.6428,0,0,0
1541122127.0668402,2.54547,13.6428,,,
1541122127.1670086,2.54259,13.6579,,,
1541122127.2683954,2.54259,13.6579,,,
1541122127.3742232,2.54259,13.6579,,,
1541122127.494013,2.53979,13.6579,,,
1541122127.5729167,2.53979,13.673,,,
1541122127.6693807,2.53979,13.673,,,
1541122127.789286,2.53693,13.673,,,
1541122127.8705223,2.53693,13.6884,,,
1541122127.9691217,2.53693,13.6884,0,0,0
1541122128.06925,2.53693,13.6884,,,
1541122128.1766841,2.53404,13.704,,,
1541122128.2995882,2.53404,13.704,,,
1541122128.368918,2.53404,13.704,,,
1541122128.4680743,2.53117,13.704,,,
1541122128.5722034,2.53117,13.7199,,,
1541122128.685534,2.53117,13.7199,,,
1541122128.7690563,2.53117,13.7199,,,
1541122128.8692875,2.52821,13.7358,,,
1541122128.967323,2.52821,13.7358,0,0,0
1541122129.0940173,2.52821,13.7358,,,
1541122129.174802,2.52534,13.7517,,,
1541122129.268831,2.52534,13.7517,,,
1541122129.368907,2.52534,13.7517,,,
1541122129.4879177,2.52232,13.7517,,,
1541122129.5689087,2.52232,13.7679,,,
1541122129.6690464,2.52232,13.7679,,,
1541122129.769288,2.52232,13.7679,,,
1541122129.897247,2.51929,13.7843,,,
1541122129.9859173,2.51929,13.7843,0,0,0
1541122130.0695515,2.51929,13.7843,,,
1541122130.169808,2.51627,13.7843,,,
1541122130.269921,2.51627,13.8009,,,
1541122130.3763044,2.51627,13.8009,,,
1541122130.4692955,2.51324,13.8009,,,
1541122130.5704346,2.51324,13.8178,,,
1541122130.6822386,2.51324,13.8178,,,
1541122130.812749,2.51013,13.8178,,,
1541122130.9007647,2.51013,13.8348,,,
1541122130.9738088,2.51013,13.8348,0,0,0
1541122131.069683,2.51013,13.8348,,,
1541122131.1817887,2.50703,13.8517,,,
1541122131.2699144,2.50703,13.8517,,,
1541122131.3706765,2.50703,13.8517,,,
1541122131.4709318,2.50394,13.8517,,,
1541122131.5904067,2.50394,13.8689,,,
1541122131.6850634,2.50394,13.8689,,,
1541122131.7709208,2.50394,13.8689,,,
1541122131.8709247,2.50076,13.8865,,,
1541122131.9725966,2.50076,13.8865,0,0,0
1541122132.0805302,2.50076,13.8865,,,
1541122132.172551,2.49757,13.8865,,,
